55.944425,-3.188396,ESE,55.94431019497029,-3.1881188361402466,73.26874542236328,270.96551513671875
55.94431019497029,-3.1881188361402466,NNW,55.94458735883005,-3.188233641169956,73.26874542236328,269.71551513671875
55.94458735883005,-3.188233641169956,SE,55.94437522679569,-3.1880215091356003,73.26874542236328,268.46551513671875
55.94437522679569,-3.1880215091356003,ESE,55.94426042176598,-3.187744345275847,73.26874542236328,267.21551513671875
55.94426042176598,-3.187744345275847,NE,55.94447255380034,-3.187532213241491,73.26874542236328,265.96551513671875
55.94447255380034,-3.187532213241491,SSW,55.94419538994058,-3.1876470182712007,73.26874542236328,264.71551513671875
55.94419538994058,-3.1876470182712007,NE,55.94440752197494,-3.187434886236845,73.26874542236328,263.46551513671875
55.94440752197494,-3.187434886236845,ENE,55.94452232700465,-3.1871577223770915,73.26874542236328,262.21551513671875
55.94452232700465,-3.1871577223770915,N,55.94482232700465,-3.1871577223770915,73.26874542236328,260.96551513671875
55.94482232700465,-3.1871577223770915,SE,55.944610194970295,-3.1869455903427357,73.26874542236328,259.71551513671875
55.944610194970295,-3.1869455903427357,N,55.9449101949703,-3.1869455903427357,73.26874542236328,258.46551513671875
55.9449101949703,-3.1869455903427357,NNW,55.945187358830054,-3.1870603953724452,73.26874542236328,257.21551513671875
55.945187358830054,-3.1870603953724452,N,55.94548735883006,-3.1870603953724452,104.73592376708984,297.59442138671875
55.94548735883006,-3.1870603953724452,NE,55.94569949086441,-3.1868482633380895,104.73592376708984,296.34442138671875
55.94569949086441,-3.1868482633380895,SW,55.94548735883006,-3.1870603953724452,104.73592376708984,295.09442138671875
55.94548735883006,-3.1870603953724452,SE,55.9452752267957,-3.1868482633380895,104.73592376708984,293.84442138671875
55.9452752267957,-3.1868482633380895,ENE,55.94539003182541,-3.186571099478336,104.73592376708984,292.59442138671875
55.94539003182541,-3.186571099478336,SSW,55.945112867965655,-3.1866859045080456,104.73592376708984,291.34442138671875
55.945112867965655,-3.1866859045080456,SSW,55.9448357041059,-3.186800709537755,104.73592376708984,290.09442138671875
55.9448357041059,-3.186800709537755,ESE,55.94472089907619,-3.1865235456780017,104.73592376708984,288.84442138671875
55.94472089907619,-3.1865235456780017,E,55.94472089907619,-3.1862235456780015,114.67357635498047,318.90594482421875
55.94472089907619,-3.1862235456780015,SE,55.94450876704183,-3.1860114136436457,114.67357635498047,317.65594482421875
55.94450876704183,-3.1860114136436457,W,55.94450876704183,-3.186311413643646,114.67357635498047,316.40594482421875
55.94450876704183,-3.186311413643646,S,55.94420876704183,-3.186311413643646,132.75755310058594,350.3873291015625
55.94420876704183,-3.186311413643646,S,55.943908767041826,-3.186311413643646,132.75755310058594,349.1373291015625
55.943908767041826,-3.186311413643646,NW,55.94412089907618,-3.1865235456780017,132.75755310058594,347.8873291015625
55.94412089907618,-3.1865235456780017,SW,55.943908767041826,-3.1867356777123574,132.75755310058594,346.6373291015625
55.943908767041826,-3.1867356777123574,WSW,55.943793962012116,-3.187012841572111,132.75755310058594,345.3873291015625
55.943793962012116,-3.187012841572111,SSE,55.94351679815236,-3.1868980365424013,185.48133850097656,413.25018310546875
55.94351679815236,-3.1868980365424013,WNW,55.94363160318207,-3.1871752004021547,185.48133850097656,412.00018310546875
55.94363160318207,-3.1871752004021547,W,55.94363160318207,-3.187475200402155,185.48133850097656,410.75018310546875
55.94363160318207,-3.187475200402155,SSE,55.94335443932231,-3.1873603953724454,185.48133850097656,409.50018310546875
55.94335443932231,-3.1873603953724454,W,55.94335443932231,-3.1876603953724456,185.48133850097656,408.25018310546875
55.94335443932231,-3.1876603953724456,ENE,55.94346924435202,-3.187383231512692,185.48133850097656,407.00018310546875
55.94346924435202,-3.187383231512692,W,55.94346924435202,-3.1876832315126924,185.48133850097656,405.75018310546875
55.94346924435202,-3.1876832315126924,ESE,55.94335443932231,-3.187406067652939,185.48133850097656,404.50018310546875
55.94335443932231,-3.187406067652939,NE,55.94356657135667,-3.187193935618583,185.48133850097656,403.25018310546875
55.94356657135667,-3.187193935618583,NNE,55.943843735216426,-3.1870791305888737,185.48133850097656,402.00018310546875
55.943843735216426,-3.1870791305888737,SE,55.94363160318207,-3.186866998554518,185.48133850097656,400.75018310546875
55.94363160318207,-3.186866998554518,N,55.94393160318207,-3.186866998554518,185.48133850097656,399.50018310546875
55.94393160318207,-3.186866998554518,S,55.94363160318207,-3.186866998554518,185.48133850097656,398.25018310546875
55.94363160318207,-3.186866998554518,SSE,55.94335443932231,-3.1867521935248084,185.48133850097656,397.00018310546875
55.94335443932231,-3.1867521935248084,SSE,55.94307727546256,-3.186637388495099,185.48133850097656,395.75018310546875
55.94307727546256,-3.186637388495099,SE,55.9428651434282,-3.186425256460743,207.29696655273438,436.45654296875
55.9428651434282,-3.186425256460743,ENE,55.94297994845791,-3.1861480926009897,207.29696655273438,435.20654296875
55.94297994845791,-3.1861480926009897,NNE,55.94325711231767,-3.1860332875712802,207.29696655273438,433.95654296875
55.94325711231767,-3.1860332875712802,NE,55.94346924435202,-3.1858211555369245,265.50067138671875,494.6390075683594
55.94346924435202,-3.1858211555369245,W,55.94346924435202,-3.1861211555369247,265.50067138671875,493.3890075683594
55.94346924435202,-3.1861211555369247,N,55.943769244352026,-3.1861211555369247,265.50067138671875,492.1390075683594
55.943769244352026,-3.1861211555369247,W,55.943769244352026,-3.186421155536925,265.50067138671875,490.8890075683594
55.943769244352026,-3.186421155536925,SSE,55.94349208049227,-3.1863063505072153,265.50067138671875,489.6390075683594
55.94349208049227,-3.1863063505072153,NE,55.943704212526626,-3.1860942184728596,265.50067138671875,488.3890075683594
55.943704212526626,-3.1860942184728596,N,55.94400421252663,-3.1860942184728596,265.50067138671875,487.1390075683594
55.94400421252663,-3.1860942184728596,S,55.943704212526626,-3.1860942184728596,265.50067138671875,485.8890075683594
55.943704212526626,-3.1860942184728596,NNW,55.94398137638638,-3.186209023502569,265.50067138671875,484.6390075683594
55.94398137638638,-3.186209023502569,SE,55.943769244352026,-3.1859968914682133,265.50067138671875,483.3890075683594
55.943769244352026,-3.1859968914682133,N,55.94406924435203,-3.1859968914682133,265.50067138671875,482.1390075683594
55.94406924435203,-3.1859968914682133,S,55.943769244352026,-3.1859968914682133,265.50067138671875,480.8890075683594
55.943769244352026,-3.1859968914682133,WNW,55.94388404938174,-3.1862740553279667,265.50067138671875,479.6390075683594
55.94388404938174,-3.1862740553279667,W,55.94388404938174,-3.186574055327967,265.50067138671875,478.3890075683594
55.94388404938174,-3.186574055327967,SE,55.94367191734738,-3.186361923293611,265.50067138671875,477.1390075683594
55.94367191734738,-3.186361923293611,ENE,55.94378672237709,-3.1860847594338577,265.50067138671875,475.8890075683594
55.94378672237709,-3.1860847594338577,NW,55.94399885441145,-3.1862968914682135,265.50067138671875,474.6390075683594
55.94399885441145,-3.1862968914682135,E,55.94399885441145,-3.1859968914682133,265.50067138671875,473.3890075683594
55.94399885441145,-3.1859968914682133,NE,55.9442109864458,-3.1857847594338575,265.50067138671875,472.1390075683594
55.9442109864458,-3.1857847594338575,E,55.9442109864458,-3.1854847594338573,265.50067138671875,470.8890075683594
55.9442109864458,-3.1854847594338573,SE,55.94399885441145,-3.1852726273995016,265.50067138671875,469.6390075683594
55.94399885441145,-3.1852726273995016,SE,55.94378672237709,-3.185060495365146,265.50067138671875,468.3890075683594
55.94378672237709,-3.185060495365146,NNE,55.94406388623685,-3.1849456903354363,265.50067138671875,467.1390075683594
55.94406388623685,-3.1849456903354363,ENE,55.94417869126656,-3.184668526475683,355.79144287109375,586.8961181640625
55.94417869126656,-3.184668526475683,S,55.943878691266555,-3.184668526475683,355.79144287109375,585.6461181640625
55.943878691266555,-3.184668526475683,NE,55.94409082330091,-3.184456394441327,355.79144287109375,584.3961181640625
55.94409082330091,-3.184456394441327,N,55.944390823300914,-3.184456394441327,355.79144287109375,583.1461181640625
55.944390823300914,-3.184456394441327,N,55.94469082330092,-3.184456394441327,355.79144287109375,581.8961181640625
55.94469082330092,-3.184456394441327,N,55.94499082330092,-3.184456394441327,370.2824401855469,600.9002075195312
55.94499082330092,-3.184456394441327,SSE,55.94471365944116,-3.1843415894116176,370.2824401855469,599.6502075195312
55.94471365944116,-3.1843415894116176,W,55.94471365944116,-3.184641589411618,370.2824401855469,598.4002075195312
55.94471365944116,-3.184641589411618,WNW,55.94482846447087,-3.184918753271371,455.86273193359375,652.653076171875
55.94482846447087,-3.184918753271371,WNW,55.944943269500584,-3.1851959171311246,455.86273193359375,651.403076171875
55.944943269500584,-3.1851959171311246,N,55.94524326950059,-3.1851959171311246,474.0165100097656,744.0426635742188
55.94524326950059,-3.1851959171311246,E,55.94524326950059,-3.1848959171311244,474.0165100097656,742.7926635742188
55.94524326950059,-3.1848959171311244,SSW,55.94496610564083,-3.185010722160834,474.0165100097656,741.5426635742188
55.94496610564083,-3.185010722160834,NNE,55.94524326950059,-3.1848959171311244,474.0165100097656,740.2926635742188
55.94524326950059,-3.1848959171311244,NNW,55.94552043336034,-3.185010722160834,474.0165100097656,739.0426635742188
55.94552043336034,-3.185010722160834,NNE,55.9457975972201,-3.1848959171311244,595.4183959960938,760.3274536132812
55.9457975972201,-3.1848959171311244,NNW,55.946074761079856,-3.185010722160834,696.7243041992188,790.7437133789062
55.946074761079856,-3.185010722160834,S,55.94577476107985,-3.185010722160834,755.30322265625,819.5980834960938
55.94577476107985,-3.185010722160834,NNW,55.94605192493961,-3.1851255271905434,755.30322265625,818.3480834960938
55.94605192493961,-3.1851255271905434,SSE,55.94577476107985,-3.185010722160834,755.30322265625,817.0980834960938
55.94577476107985,-3.185010722160834,NNW,55.94605192493961,-3.1851255271905434,755.30322265625,815.8480834960938
55.94605192493961,-3.1851255271905434,SW,55.945839792905254,-3.185337659224899,755.30322265625,814.5980834960938
55.945839792905254,-3.185337659224899,E,55.945839792905254,-3.185037659224899,755.30322265625,813.3480834960938
55.945839792905254,-3.185037659224899,W,55.945839792905254,-3.185337659224899,755.30322265625,812.0980834960938
55.945839792905254,-3.185337659224899,NNW,55.94611695676501,-3.1854524642546087,755.30322265625,810.8480834960938
55.94611695676501,-3.1854524642546087,ESE,55.9460021517353,-3.1851753003948553,755.30322265625,809.5980834960938
55.9460021517353,-3.1851753003948553,SW,55.945790019700944,-3.185387432429211,755.30322265625,808.3480834960938
55.945790019700944,-3.185387432429211,NNE,55.9460671835607,-3.1852726273995016,755.30322265625,807.0980834960938
55.9460671835607,-3.1852726273995016,S,55.9457671835607,-3.1852726273995016,755.30322265625,805.8480834960938
55.9457671835607,-3.1852726273995016,E,55.9457671835607,-3.1849726273995014,755.30322265625,804.5980834960938
55.9457671835607,-3.1849726273995014,NNE,55.946044347420454,-3.184857822369792,755.30322265625,803.3480834960938
55.946044347420454,-3.184857822369792,S,55.94574434742045,-3.184857822369792,755.30322265625,802.0980834960938
55.94574434742045,-3.184857822369792,ENE,55.94585915245016,-3.1845806585100385,755.30322265625,800.8480834960938
55.94585915245016,-3.1845806585100385,SW,55.945647020415805,-3.1847927905443942,755.30322265625,799.5980834960938
55.945647020415805,-3.1847927905443942,E,55.945647020415805,-3.184492790544394,755.30322265625,798.3480834960938
55.945647020415805,-3.184492790544394,NNE,55.94592418427556,-3.1843779855146845,755.30322265625,797.0980834960938
55.94592418427556,-3.1843779855146845,SSW,55.945647020415805,-3.184492790544394,755.30322265625,795.8480834960938
55.945647020415805,-3.184492790544394,NNW,55.94592418427556,-3.1846075955741036,755.30322265625,794.5980834960938
55.94592418427556,-3.1846075955741036,NE,55.94613631630992,-3.184395463539748,755.30322265625,793.3480834960938
55.94613631630992,-3.184395463539748,SW,55.94592418427556,-3.1846075955741036,755.30322265625,792.0980834960938
55.94592418427556,-3.1846075955741036,SSW,55.945647020415805,-3.184722400603813,755.30322265625,790.8480834960938
55.945647020415805,-3.184722400603813,SE,55.94543488838145,-3.1845102685694573,755.30322265625,789.5980834960938
55.94543488838145,-3.1845102685694573,WNW,55.94554969341116,-3.1847874324292107,755.30322265625,788.3480834960938
55.94554969341116,-3.1847874324292107,WSW,55.94543488838145,-3.185064596288964,755.30322265625,787.0980834960938
55.94543488838145,-3.185064596288964,E,55.94543488838145,-3.184764596288964,755.30322265625,785.8480834960938
55.94543488838145,-3.184764596288964,WSW,55.94532008335174,-3.1850417601487173,755.30322265625,784.5980834960938
55.94532008335174,-3.1850417601487173,S,55.945020083351736,-3.1850417601487173,755.30322265625,783.3480834960938
55.945020083351736,-3.1850417601487173,NW,55.94523221538609,-3.185253892183073,755.30322265625,782.0980834960938
55.94523221538609,-3.185253892183073,NNE,55.94550937924585,-3.1851390871533636,755.30322265625,780.8480834960938
55.94550937924585,-3.1851390871533636,E,55.94550937924585,-3.1848390871533634,755.30322265625,779.5980834960938
55.94550937924585,-3.1848390871533634,SSW,55.94523221538609,-3.184953892183073,755.30322265625,778.3480834960938
55.94523221538609,-3.184953892183073,WNW,55.9453470204158,-3.1852310560428263,755.30322265625,777.0980834960938
55.9453470204158,-3.1852310560428263,SE,55.945134888381446,-3.1850189240084705,755.30322265625,775.8480834960938
55.945134888381446,-3.1850189240084705,SSW,55.94485772452169,-3.18513372903818,755.30322265625,774.5980834960938
55.94485772452169,-3.18513372903818,SSW,55.94458056066193,-3.1852485340678895,755.30322265625,773.3480834960938
55.94458056066193,-3.1852485340678895,E,55.94458056066193,-3.1849485340678894,755.30322265625,772.0980834960938
55.94458056066193,-3.1849485340678894,ESE,55.94446575563222,-3.184671370208136,755.30322265625,770.8480834960938
55.94446575563222,-3.184671370208136,SW,55.94425362359787,-3.1848835022424917,755.30322265625,769.5980834960938
55.94425362359787,-3.1848835022424917,SW,55.94404149156351,-3.1850956342768475,755.30322265625,768.3480834960938
55.94404149156351,-3.1850956342768475,ENE,55.94415629659322,-3.184818470417094,755.30322265625,767.0980834960938
55.94415629659322,-3.184818470417094,ESE,55.94404149156351,-3.1845413065573407,755.30322265625,765.8480834960938
55.94404149156351,-3.1845413065573407,WNW,55.94415629659322,-3.184818470417094,755.30322265625,764.5980834960938
55.94415629659322,-3.184818470417094,WNW,55.94427110162293,-3.1850956342768475,755.30322265625,763.3480834960938
55.94427110162293,-3.1850956342768475,SSE,55.943993937763175,-3.184980829247138,755.30322265625,762.0980834960938
55.943993937763175,-3.184980829247138,ESE,55.943879132733464,-3.1847036653873846,755.30322265625,760.8480834960938
55.943879132733464,-3.1847036653873846,W,55.943879132733464,-3.1850036653873848,755.30322265625,759.5980834960938
55.943879132733464,-3.1850036653873848,SSW,55.94360196887371,-3.1851184704170943,755.30322265625,758.3480834960938
55.94360196887371,-3.1851184704170943,WSW,55.943487163844,-3.1853956342768477,755.30322265625,757.0980834960938
55.943487163844,-3.1853956342768477,ESE,55.94337235881429,-3.1851184704170943,755.30322265625,755.8480834960938
55.94337235881429,-3.1851184704170943,SE,55.94316022677993,-3.1849063383827385,755.30322265625,754.5980834960938
55.94316022677993,-3.1849063383827385,ESE,55.94304542175022,-3.184629174522985,755.30322265625,753.3480834960938
55.94304542175022,-3.184629174522985,NW,55.943257553784576,-3.184841306557341,755.30322265625,752.0980834960938
55.943257553784576,-3.184841306557341,SSW,55.94298038992482,-3.1849561115870504,755.30322265625,750.8480834960938
55.94298038992482,-3.1849561115870504,SE,55.942768257890464,-3.1847439795526946,755.30322265625,749.5980834960938
55.942768257890464,-3.1847439795526946,WNW,55.942883062920174,-3.185021143412448,755.30322265625,748.3480834960938
55.942883062920174,-3.185021143412448,NE,55.94309519495453,-3.1848090113780922,755.30322265625,747.0980834960938
55.94309519495453,-3.1848090113780922,ENE,55.94320999998424,-3.184531847518339,755.30322265625,745.8480834960938
55.94320999998424,-3.184531847518339,NNW,55.943487163844,-3.1846466525480484,755.30322265625,744.5980834960938
55.943487163844,-3.1846466525480484,ESE,55.94337235881429,-3.184369488688295,755.30322265625,743.3480834960938
55.94337235881429,-3.184369488688295,WNW,55.943487163844,-3.1846466525480484,755.30322265625,742.0980834960938
55.943487163844,-3.1846466525480484,E,55.943487163844,-3.184346652548048,755.30322265625,740.8480834960938
55.943487163844,-3.184346652548048,WNW,55.94360196887371,-3.1846238164078016,755.30322265625,739.5980834960938
55.94360196887371,-3.1846238164078016,WSW,55.943487163844,-3.184900980267555,755.30322265625,738.3480834960938
55.943487163844,-3.184900980267555,SE,55.94327503180964,-3.184688848233199,755.30322265625,737.0980834960938
55.94327503180964,-3.184688848233199,NE,55.943487163844,-3.1844767161988434,755.30322265625,735.8480834960938
55.943487163844,-3.1844767161988434,N,55.943787163844,-3.1844767161988434,755.30322265625,734.5980834960938
55.943787163844,-3.1844767161988434,WSW,55.94367235881429,-3.184753880058597,755.30322265625,733.3480834960938
55.94367235881429,-3.184753880058597,W,55.94367235881429,-3.185053880058597,755.30322265625,732.0980834960938
55.94367235881429,-3.185053880058597,NNW,55.943949522674046,-3.1851686850883065,755.30322265625,730.8480834960938
55.943949522674046,-3.1851686850883065,S,55.94364952267404,-3.1851686850883065,755.30322265625,729.5980834960938
55.94364952267404,-3.1851686850883065,ESE,55.94353471764433,-3.184891521228553,755.30322265625,728.3480834960938
55.94353471764433,-3.184891521228553,S,55.94323471764433,-3.184891521228553,755.30322265625,727.0980834960938
55.94323471764433,-3.184891521228553,S,55.94293471764433,-3.184891521228553,755.30322265625,725.8480834960938
55.94293471764433,-3.184891521228553,NE,55.94314684967868,-3.1846793891941974,755.30322265625,724.5980834960938
55.94314684967868,-3.1846793891941974,NE,55.94335898171304,-3.1844672571598416,755.30322265625,723.3480834960938
55.94335898171304,-3.1844672571598416,SSE,55.94308181785328,-3.184352452130132,755.30322265625,722.0980834960938
55.94308181785328,-3.184352452130132,S,55.94278181785328,-3.184352452130132,755.30322265625,720.8480834960938
55.94278181785328,-3.184352452130132,WSW,55.94266701282357,-3.1846296159898855,755.30322265625,719.5980834960938
55.94266701282357,-3.1846296159898855,NW,55.942879144857926,-3.1848417480242412,755.30322265625,718.3480834960938
55.942879144857926,-3.1848417480242412,ESE,55.942764339828216,-3.184564584164488,755.30322265625,717.0980834960938
55.942764339828216,-3.184564584164488,W,55.942764339828216,-3.184864584164488,755.30322265625,715.8480834960938
55.942764339828216,-3.184864584164488,N,55.94306433982822,-3.184864584164488,755.30322265625,714.5980834960938
55.94306433982822,-3.184864584164488,NW,55.943276471862575,-3.185076716198844,755.30322265625,713.3480834960938
55.943276471862575,-3.185076716198844,W,55.943276471862575,-3.185376716198844,755.30322265625,712.0980834960938
55.943276471862575,-3.185376716198844,NNE,55.94355363572233,-3.1852619111691345,755.30322265625,710.8480834960938
55.94355363572233,-3.1852619111691345,WSW,55.94343883069262,-3.185539075028888,755.30322265625,709.5980834960938
55.94343883069262,-3.185539075028888,N,55.943738830692624,-3.185539075028888,755.30322265625,708.3480834960938
55.943738830692624,-3.185539075028888,SSE,55.94346166683287,-3.1854242699991784,755.30322265625,707.0980834960938
55.94346166683287,-3.1854242699991784,SSW,55.94318450297311,-3.185539075028888,755.30322265625,705.8480834960938
55.94318450297311,-3.185539075028888,W,55.94318450297311,-3.185839075028888,755.30322265625,704.5980834960938
55.94318450297311,-3.185839075028888,NE,55.94339663500747,-3.1856269429945323,755.30322265625,703.3480834960938
55.94339663500747,-3.1856269429945323,WNW,55.94351144003718,-3.1859041068542857,755.30322265625,702.0980834960938
55.94351144003718,-3.1859041068542857,NE,55.943723572071534,-3.18569197481993,755.30322265625,700.8480834960938
55.943723572071534,-3.18569197481993,N,55.944023572071536,-3.18569197481993,755.30322265625,699.5980834960938
55.944023572071536,-3.18569197481993,NW,55.94423570410589,-3.1859041068542857,755.30322265625,698.3480834960938
55.94423570410589,-3.1859041068542857,N,55.944535704105895,-3.1859041068542857,755.30322265625,697.0980834960938
55.944535704105895,-3.1859041068542857,SSE,55.94425854024614,-3.185789301824576,755.30322265625,695.8480834960938
55.94425854024614,-3.185789301824576,N,55.94455854024614,-3.185789301824576,755.30322265625,694.5980834960938
55.94455854024614,-3.185789301824576,WNW,55.94467334527585,-3.1860664656843296,755.30322265625,693.3480834960938
55.94467334527585,-3.1860664656843296,WSW,55.94455854024614,-3.186343629544083,755.30322265625,692.0980834960938
55.94455854024614,-3.186343629544083,WNW,55.94467334527585,-3.1866207934038364,755.30322265625,690.8480834960938
55.94467334527585,-3.1866207934038364,WSW,55.94455854024614,-3.18689795726359,755.30322265625,689.5980834960938
55.94455854024614,-3.18689795726359,SW,55.944346408211786,-3.1871100892979456,755.30322265625,688.3480834960938
55.944346408211786,-3.1871100892979456,NW,55.94455854024614,-3.1873222213323014,755.30322265625,687.0980834960938
55.94455854024614,-3.1873222213323014,NW,55.9447706722805,-3.187534353366657,755.30322265625,685.8480834960938
55.9447706722805,-3.187534353366657,WSW,55.94465586725079,-3.1878115172264105,755.30322265625,684.5980834960938
55.94465586725079,-3.1878115172264105,W,55.94465586725079,-3.1881115172264107,755.30322265625,683.3480834960938
55.94465586725079,-3.1881115172264107,W,55.94465586725079,-3.188411517226411,755.30322265625,682.0980834960938
55.94465586725079,-3.188411517226411,ESE,55.94454106222108,-3.1881343533666575,755.30322265625,680.8480834960938
55.94454106222108,-3.1881343533666575,ENE,55.94465586725079,-3.187857189506904,755.30322265625,679.5980834960938
55.94465586725079,-3.187857189506904,ENE,55.9447706722805,-3.1875800256471507,755.30322265625,678.3480834960938
55.9447706722805,-3.1875800256471507,NNW,55.945047836140255,-3.18769483067686,755.30322265625,677.0980834960938
55.945047836140255,-3.18769483067686,W,55.945047836140255,-3.1879948306768604,850.56884765625,686.6677856445312
55.945047836140255,-3.1879948306768604,NE,55.94525996817461,-3.1877826986425046,850.56884765625,685.4177856445312
55.94525996817461,-3.1877826986425046,WSW,55.9451451631449,-3.188059862502258,850.56884765625,684.1677856445312
55.9451451631449,-3.188059862502258,N,55.9454451631449,-3.188059862502258,850.56884765625,682.9177856445312
55.9454451631449,-3.188059862502258,NNE,55.94572232700466,-3.1879450574725485,850.56884765625,681.6677856445312
55.94572232700466,-3.1879450574725485,ENE,55.94583713203437,-3.187667893612795,850.56884765625,680.4177856445312
55.94583713203437,-3.187667893612795,E,55.94583713203437,-3.187367893612795,850.56884765625,679.1677856445312
55.94583713203437,-3.187367893612795,WNW,55.94595193706408,-3.1876450574725483,850.56884765625,677.9177856445312
55.94595193706408,-3.1876450574725483,SSE,55.945674773204324,-3.187530252442839,850.56884765625,676.6677856445312
55.945674773204324,-3.187530252442839,NNE,55.94595193706408,-3.1874154474131293,850.56884765625,675.4177856445312
55.94595193706408,-3.1874154474131293,SSE,55.945674773204324,-3.18730064238342,850.56884765625,674.1677856445312
55.945674773204324,-3.18730064238342,SW,55.94546264116997,-3.1875127744177756,850.56884765625,672.9177856445312
55.94546264116997,-3.1875127744177756,NE,55.945674773204324,-3.18730064238342,850.56884765625,671.6677856445312
55.945674773204324,-3.18730064238342,WNW,55.945789578234034,-3.187577806243173,850.56884765625,670.4177856445312
55.945789578234034,-3.187577806243173,W,55.945789578234034,-3.1878778062431734,850.56884765625,669.1677856445312
55.945789578234034,-3.1878778062431734,NNW,55.94606674209379,-3.187992611272883,850.56884765625,667.9177856445312
55.94606674209379,-3.187992611272883,ENE,55.9461815471235,-3.1877154474131295,850.56884765625,666.6677856445312
55.9461815471235,-3.1877154474131295,WSW,55.94606674209379,-3.187992611272883,850.56884765625,665.4177856445312
55.94606674209379,-3.187992611272883,SE,55.945854610059435,-3.187780479238527,850.56884765625,664.1677856445312
55.945854610059435,-3.187780479238527,W,55.945854610059435,-3.1880804792385273,850.56884765625,662.9177856445312
55.945854610059435,-3.1880804792385273,ESE,55.945739805029724,-3.187803315378774,850.56884765625,661.6677856445312
55.945739805029724,-3.187803315378774,SE,55.94552767299537,-3.187591183344418,850.56884765625,660.4177856445312
55.94552767299537,-3.187591183344418,SE,55.94531554096101,-3.1873790513100624,850.56884765625,659.1677856445312
55.94531554096101,-3.1873790513100624,SSE,55.945038377101255,-3.187264246280353,850.56884765625,657.9177856445312
55.945038377101255,-3.187264246280353,S,55.94473837710125,-3.187264246280353,850.56884765625,656.6677856445312
55.94473837710125,-3.187264246280353,NNE,55.94501554096101,-3.1871494412506434,850.56884765625,655.4177856445312
55.94501554096101,-3.1871494412506434,N,55.94531554096101,-3.1871494412506434,850.56884765625,654.1677856445312
55.94531554096101,-3.1871494412506434,W,55.94531554096101,-3.1874494412506436,850.56884765625,652.9177856445312
55.94531554096101,-3.1874494412506436,NW,55.94552767299537,-3.1876615732849993,850.56884765625,651.6677856445312
55.94552767299537,-3.1876615732849993,WNW,55.94564247802508,-3.1879387371447527,850.56884765625,650.4177856445312
55.94564247802508,-3.1879387371447527,NE,55.945854610059435,-3.187726605110397,850.56884765625,649.1677856445312
55.945854610059435,-3.187726605110397,SSE,55.94557744619968,-3.1876118000806875,850.56884765625,647.9177856445312
55.94557744619968,-3.1876118000806875,E,55.94557744619968,-3.1873118000806873,850.56884765625,646.6677856445312
55.94557744619968,-3.1873118000806873,WSW,55.94546264116997,-3.1875889639404407,850.56884765625,645.4177856445312
55.94546264116997,-3.1875889639404407,WSW,55.94534783614026,-3.187866127800194,850.56884765625,644.1677856445312
55.94534783614026,-3.187866127800194,SE,55.9451357041059,-3.1876539957658383,850.56884765625,642.9177856445312
55.9451357041059,-3.1876539957658383,S,55.9448357041059,-3.1876539957658383,850.56884765625,641.6677856445312
55.9448357041059,-3.1876539957658383,SSW,55.94455854024614,-3.187768800795548,850.56884765625,640.4177856445312
55.94455854024614,-3.187768800795548,NE,55.9447706722805,-3.187556668761192,850.56884765625,639.1677856445312
55.9447706722805,-3.187556668761192,W,55.9447706722805,-3.1878566687611922,850.56884765625,637.9177856445312
55.9447706722805,-3.1878566687611922,ESE,55.94465586725079,-3.187579504901439,850.56884765625,636.6677856445312
55.94465586725079,-3.187579504901439,SE,55.94444373521643,-3.187367372867083,850.56884765625,635.4177856445312
55.94444373521643,-3.187367372867083,SE,55.944231603182075,-3.1871552408327273,850.56884765625,634.1677856445312
55.944231603182075,-3.1871552408327273,N,55.94453160318208,-3.1871552408327273,850.56884765625,632.9177856445312
55.94453160318208,-3.1871552408327273,NNE,55.944808767041835,-3.1870404358030178,850.56884765625,631.6677856445312
55.944808767041835,-3.1870404358030178,NNW,55.94508593090159,-3.1871552408327273,850.56884765625,630.4177856445312
55.94508593090159,-3.1871552408327273,W,55.94508593090159,-3.1874552408327275,850.56884765625,629.1677856445312
55.94508593090159,-3.1874552408327275,WSW,55.94497112587188,-3.187732404692481,850.56884765625,627.9177856445312
55.94497112587188,-3.187732404692481,N,55.945271125871884,-3.187732404692481,850.56884765625,626.6677856445312
