55.944425,-3.188396,SSE,55.944147836140246,-3.1882811949702905,108.69361705439181,274.394161288161
55.944147836140246,-3.1882811949702905,ESE,55.944033031110536,-3.188004031110537,108.69361705439181,273.144161288161
55.944033031110536,-3.188004031110537,ESE,55.943918226080825,-3.1877268672507837,108.69361705439181,271.894161288161
55.943918226080825,-3.1877268672507837,ESE,55.943803421051115,-3.1874497033910303,177.56628027224312,280.34579708115666
55.943803421051115,-3.1874497033910303,E,55.943803421051115,-3.18714970339103,177.56628027224312,279.09579708115666
55.943803421051115,-3.18714970339103,E,55.943803421051115,-3.18684970339103,272.8418664121515,327.6748336867362
55.943803421051115,-3.18684970339103,ESE,55.943688616021404,-3.1865725395312765,272.8418664121515,326.4248336867362
55.943688616021404,-3.1865725395312765,ESE,55.943573810991694,-3.186295375671523,272.8418664121515,325.1748336867362
55.943573810991694,-3.186295375671523,ESE,55.943459005961984,-3.1860182118117697,272.8418664121515,323.9248336867362
55.943459005961984,-3.1860182118117697,ESE,55.94334420093227,-3.1857410479520163,275.4127496195687,443.30528214630556
55.94334420093227,-3.1857410479520163,E,55.94334420093227,-3.185441047952016,275.4127496195687,442.05528214630556
55.94334420093227,-3.185441047952016,E,55.94334420093227,-3.185141047952016,337.65765718268557,469.6528343464233
55.94334420093227,-3.185141047952016,ESE,55.94322939590256,-3.1848638840922625,337.65765718268557,468.4028343464233
55.94322939590256,-3.1848638840922625,SE,55.94301726386821,-3.1846517520579067,337.65765718268557,467.1528343464233
55.94301726386821,-3.1846517520579067,SE,55.94280513183385,-3.184439620023551,460.579412489822,553.5234742139359
55.94280513183385,-3.184439620023551,NNW,55.94308229569361,-3.1845544250532605,460.579412489822,552.2734742139359
55.94308229569361,-3.1845544250532605,NNW,55.94335945955336,-3.18466923008297,460.579412489822,551.0234742139359
55.94335945955336,-3.18466923008297,N,55.943659459553366,-3.18466923008297,538.7547022348367,562.7959838540489
55.943659459553366,-3.18466923008297,N,55.94395945955337,-3.18466923008297,538.7547022348367,561.5459838540489
55.94395945955337,-3.18466923008297,N,55.94425945955337,-3.18466923008297,538.7547022348367,560.2959838540489
55.94425945955337,-3.18466923008297,NNW,55.94453662341313,-3.1847840351126795,538.7547022348367,559.0459838540489
55.94453662341313,-3.1847840351126795,N,55.94483662341313,-3.1847840351126795,538.7547022348367,557.7959838540489
55.94483662341313,-3.1847840351126795,NNW,55.94511378727289,-3.184898840142389,644.3328134921574,622.7288666205707
55.94511378727289,-3.184898840142389,NNE,55.945390951132644,-3.1847840351126795,644.3328134921574,621.4788666205707
55.945390951132644,-3.1847840351126795,NNE,55.9456681149924,-3.18466923008297,705.2556988672521,683.6677408325825
55.9456681149924,-3.18466923008297,W,55.9456681149924,-3.18496923008297,717.3266273483655,701.0328119659313
55.9456681149924,-3.18496923008297,SW,55.945455982958045,-3.185181362117326,774.0419182254678,817.604732985907
55.945455982958045,-3.185181362117326,SSW,55.94517881909829,-3.1852961671470355,774.0419182254678,816.354732985907
55.94517881909829,-3.1852961671470355,SSW,55.94490165523853,-3.185410972176745,774.0419182254678,815.104732985907
55.94490165523853,-3.185410972176745,S,55.94460165523853,-3.185410972176745,817.4218046449977,841.9411649507376
55.94460165523853,-3.185410972176745,S,55.944301655238526,-3.185410972176745,817.4218046449977,840.6911649507376
55.944301655238526,-3.185410972176745,SW,55.94408952320417,-3.1856231042111007,817.4218046449977,839.4411649507376
55.94408952320417,-3.1856231042111007,WSW,55.94397471817446,-3.185900268070854,836.6160014426906,879.554950502372
55.94397471817446,-3.185900268070854,WSW,55.94385991314475,-3.1861774319306075,849.4668581787708,959.7608340973242
55.94385991314475,-3.1861774319306075,WNW,55.94397471817446,-3.186454595790361,849.4668581787708,958.5108340973242
55.94397471817446,-3.186454595790361,W,55.94397471817446,-3.186754595790361,849.4668581787708,957.2608340973242
55.94397471817446,-3.186754595790361,WNW,55.94408952320417,-3.1870317596501145,849.4668581787708,956.0108340973242
55.94408952320417,-3.1870317596501145,W,55.94408952320417,-3.1873317596501147,952.3939800927631,1048.1624782567294
55.94408952320417,-3.1873317596501147,NNW,55.944366687063926,-3.1874465646798242,1055.8720782972823,1068.3678216691637
55.944366687063926,-3.1874465646798242,N,55.94466668706393,-3.1874465646798242,1055.8720782972823,1067.1178216691637
55.94466668706393,-3.1874465646798242,ENE,55.94478149209364,-3.187169400820071,1171.6774102171648,1096.2889230469411
55.94478149209364,-3.187169400820071,N,55.94508149209364,-3.187169400820071,1194.756526410981,1138.8503279232807
55.94508149209364,-3.187169400820071,NNE,55.9453586559534,-3.1870545957903613,1290.6546528569227,1154.8469369354534
55.9453586559534,-3.1870545957903613,NNE,55.945635819813155,-3.186939790760652,1290.6546528569227,1153.5969369354534
55.945635819813155,-3.186939790760652,NNE,55.94591298367291,-3.1868249857309423,1302.3270534122944,1273.0418799799468
55.94591298367291,-3.1868249857309423,WSW,55.9457981786432,-3.1871021495906957,1302.3270534122944,1271.7918799799468
55.9457981786432,-3.1871021495906957,WSW,55.94568337361349,-3.187379313450449,1302.3270534122944,1270.5418799799468
55.94568337361349,-3.187379313450449,WSW,55.94556856858378,-3.1876564773102025,1391.860005966617,1337.0152735967283
55.94556856858378,-3.1876564773102025,W,55.94556856858378,-3.1879564773102027,1391.860005966617,1335.7652735967283
55.94556856858378,-3.1879564773102027,WSW,55.94545376355407,-3.188233641169956,1391.860005966617,1334.5152735967283
55.94545376355407,-3.188233641169956,WSW,55.94533895852436,-3.1885108050297095,1391.860005966617,1333.2652735967283
55.94533895852436,-3.1885108050297095,W,55.94533895852436,-3.1888108050297097,1391.860005966617,1332.0152735967283
55.94533895852436,-3.1888108050297097,WNW,55.94545376355407,-3.189087968889463,1391.860005966617,1330.7652735967283
55.94545376355407,-3.189087968889463,W,55.94545376355407,-3.1893879688894633,1391.860005966617,1329.5152735967283
55.94545376355407,-3.1893879688894633,WNW,55.94556856858378,-3.1896651327492167,1391.860005966617,1328.2652735967283
55.94556856858378,-3.1896651327492167,WNW,55.94568337361349,-3.18994229660897,1391.860005966617,1327.0152735967283
55.94568337361349,-3.18994229660897,WNW,55.9457981786432,-3.1902194604687235,1391.860005966617,1325.7652735967283
55.9457981786432,-3.1902194604687235,WNW,55.94591298367291,-3.190496624328477,1391.860005966617,1324.5152735967283
55.94591298367291,-3.190496624328477,W,55.94591298367291,-3.190796624328477,1424.576547022114,1408.671867226909
55.94591298367291,-3.190796624328477,SSW,55.945635819813155,-3.1909114293581866,1424.576547022114,1407.421867226909
55.945635819813155,-3.1909114293581866,SW,55.9454236877788,-3.1911235613925424,1424.576547022114,1406.171867226909
55.9454236877788,-3.1911235613925424,S,55.945123687778796,-3.1911235613925424,1543.7109946949922,1494.3803105749657
55.945123687778796,-3.1911235613925424,WSW,55.945008882749086,-3.191400725252296,1543.7109946949922,1493.1303105749657
55.945008882749086,-3.191400725252296,SW,55.94479675071473,-3.1916128572866516,1543.7109946949922,1491.8803105749657
55.94479675071473,-3.1916128572866516,W,55.94479675071473,-3.1919128572866518,1543.7109946949922,1490.6303105749657
55.94479675071473,-3.1919128572866518,SW,55.94458461868037,-3.1921249893210075,1564.4767524146132,1599.9535931057603
55.94458461868037,-3.1921249893210075,SE,55.94437248664602,-3.1919128572866518,1582.6960624807111,1626.045455390387
55.94437248664602,-3.1919128572866518,ESE,55.94425768161631,-3.1916356934268983,1582.6960624807111,1624.795455390387
55.94425768161631,-3.1916356934268983,ESE,55.9441428765866,-3.191358529567145,1582.6960624807111,1623.545455390387
55.9441428765866,-3.191358529567145,E,55.9441428765866,-3.1910585295671448,1582.6960624807111,1622.295455390387
55.9441428765866,-3.1910585295671448,SE,55.94393074455224,-3.190846397532789,1629.9301939310571,1733.0222328818684
55.94393074455224,-3.190846397532789,NNE,55.944207908412,-3.1907315925030795,1748.6868296991759,1737.1027326815815
55.944207908412,-3.1907315925030795,ESE,55.944093103382286,-3.190454428643326,1748.6868296991759,1735.8527326815815
55.944093103382286,-3.190454428643326,E,55.944093103382286,-3.190154428643326,1854.0697967707104,1791.752363661652
55.944093103382286,-3.190154428643326,E,55.944093103382286,-3.1898544286433257,1854.0697967707104,1790.502363661652
55.944093103382286,-3.1898544286433257,ENE,55.944207908412,-3.1895772647835723,1863.6187262388985,1827.9996402073389
55.944207908412,-3.1895772647835723,S,55.943907908411994,-3.1895772647835723,1863.6187262388985,1826.7496402073389
55.943907908411994,-3.1895772647835723,S,55.94360790841199,-3.1895772647835723,1863.6187262388985,1825.4996402073389
55.94360790841199,-3.1895772647835723,S,55.94330790841199,-3.1895772647835723,1863.6187262388985,1824.2496402073389
55.94330790841199,-3.1895772647835723,SE,55.94309577637763,-3.1893651327492165,1971.4969829524189,1882.0172432434167
55.94309577637763,-3.1893651327492165,SE,55.942883644343276,-3.1891530007148607,2088.2489972688704,1996.7477336709808
55.942883644343276,-3.1891530007148607,NE,55.94309577637763,-3.188940868680505,2088.2489972688704,1995.4977336709808
55.94309577637763,-3.188940868680505,NE,55.94330790841199,-3.188728736646149,2088.2489972688704,1994.2477336709808
55.94330790841199,-3.188728736646149,NNE,55.943585072271745,-3.1886139316164397,2118.5501933821843,1995.5809806984007
55.943585072271745,-3.1886139316164397,N,55.94388507227175,-3.1886139316164397,2118.5501933821843,1994.3309806984007
55.94388507227175,-3.1886139316164397,NNW,55.944162236131504,-3.188728736646149,2118.5501933821843,1993.0809806984007
55.944162236131504,-3.188728736646149,N,55.94446223613151,-3.188728736646149,2156.556498899026,1993.6444431988295
55.94446223613151,-3.188728736646149,WSW,55.9443474311018,-3.1890059005059026,2156.556498899026,1992.3944431988295
55.9443474311018,-3.1890059005059026,SW,55.94413529906744,-3.1892180325402584,2209.789164589809,2029.0379101353628
55.94413529906744,-3.1892180325402584,WNW,55.94425010409715,-3.189495196400012,2209.789164589809,2027.7879101353628
55.94425010409715,-3.189495196400012,ENE,55.94436490912686,-3.1892180325402584,2209.789164589809,2026.5379101353628
55.94436490912686,-3.1892180325402584,SSW,55.944087745267105,-3.189332837569968,2209.789164589809,2025.2879101353628
55.944087745267105,-3.189332837569968,SW,55.94387561323275,-3.1895449696043237,2209.789164589809,2024.0379101353628
55.94387561323275,-3.1895449696043237,E,55.94387561323275,-3.1892449696043235,2209.789164589809,2022.7879101353628
55.94387561323275,-3.1892449696043235,W,55.94387561323275,-3.1895449696043237,2209.789164589809,2021.5379101353628
55.94387561323275,-3.1895449696043237,NNE,55.944152777092505,-3.189430164574614,2209.789164589809,2020.2879101353628
55.944152777092505,-3.189430164574614,SSW,55.94387561323275,-3.1895449696043237,2209.789164589809,2019.0379101353628
55.94387561323275,-3.1895449696043237,W,55.94387561323275,-3.189844969604324,2209.789164589809,2017.7879101353628
55.94387561323275,-3.189844969604324,ESE,55.94376080820304,-3.1895678057445704,2209.789164589809,2016.5379101353628
55.94376080820304,-3.1895678057445704,NE,55.943972940237394,-3.1893556737102147,2209.789164589809,2015.2879101353628
55.943972940237394,-3.1893556737102147,SE,55.94376080820304,-3.189143541675859,2209.789164589809,2014.0379101353628
55.94376080820304,-3.189143541675859,NE,55.943972940237394,-3.188931409641503,2209.789164589809,2012.7879101353628
55.943972940237394,-3.188931409641503,NNW,55.94425010409715,-3.1890462146712126,2209.789164589809,2011.5379101353628
55.94425010409715,-3.1890462146712126,NNW,55.94452726795691,-3.189161019700922,2209.789164589809,2010.2879101353628
55.94452726795691,-3.189161019700922,NW,55.94473939999126,-3.189373151735278,2209.789164589809,2009.0379101353628
55.94473939999126,-3.189373151735278,N,55.945039399991266,-3.189373151735278,2209.789164589809,2007.7879101353628
55.945039399991266,-3.189373151735278,NNW,55.94531656385102,-3.1894879567649874,2209.789164589809,2006.5379101353628
55.94531656385102,-3.1894879567649874,NW,55.94552869588538,-3.189700088799343,2209.789164589809,2005.2879101353628
55.94552869588538,-3.189700088799343,NNE,55.945805859745136,-3.1895852837696337,2209.789164589809,2004.0379101353628
55.945805859745136,-3.1895852837696337,NE,55.94601799177949,-3.189373151735278,2209.789164589809,2002.7879101353628
55.94601799177949,-3.189373151735278,SSW,55.945740827919735,-3.1894879567649874,2209.789164589809,2001.5379101353628
55.945740827919735,-3.1894879567649874,NW,55.94595295995409,-3.189700088799343,2209.789164589809,2000.2879101353628
55.94595295995409,-3.189700088799343,ENE,55.9460677649838,-3.18942292493959,2209.789164589809,1999.0379101353628
55.9460677649838,-3.18942292493959,WSW,55.94595295995409,-3.189700088799343,2209.789164589809,1997.7879101353628
55.94595295995409,-3.189700088799343,E,55.94595295995409,-3.189400088799343,2209.789164589809,1996.5379101353628
55.94595295995409,-3.189400088799343,WSW,55.94583815492438,-3.1896772526590964,2209.789164589809,1995.2879101353628
55.94583815492438,-3.1896772526590964,WNW,55.94595295995409,-3.18995441651885,2209.789164589809,1994.0379101353628
55.94595295995409,-3.18995441651885,SSW,55.945675796094335,-3.1900692215485593,2209.789164589809,1992.7879101353628
55.945675796094335,-3.1900692215485593,NNW,55.94595295995409,-3.190184026578269,2209.789164589809,1991.5379101353628
55.94595295995409,-3.190184026578269,SE,55.945740827919735,-3.189971894543913,2209.789164589809,1990.2879101353628
55.945740827919735,-3.189971894543913,NNE,55.94601799177949,-3.1898570895142035,2209.789164589809,1989.0379101353628
55.94601799177949,-3.1898570895142035,W,55.94601799177949,-3.1901570895142037,2209.789164589809,1987.7879101353628
55.94601799177949,-3.1901570895142037,W,55.94601799177949,-3.190457089514204,2209.789164589809,1986.5379101353628
55.94601799177949,-3.190457089514204,S,55.94571799177949,-3.190457089514204,2209.789164589809,1985.2879101353628
55.94571799177949,-3.190457089514204,SE,55.94550585974513,-3.190244957479848,2209.789164589809,1984.0379101353628
55.94550585974513,-3.190244957479848,N,55.945805859745136,-3.190244957479848,2209.789164589809,1982.7879101353628
55.945805859745136,-3.190244957479848,W,55.945805859745136,-3.1905449574798483,2209.789164589809,1981.5379101353628
55.945805859745136,-3.1905449574798483,NNW,55.94608302360489,-3.190659762509558,2209.789164589809,1980.2879101353628
55.94608302360489,-3.190659762509558,WSW,55.94596821857518,-3.1909369263693113,2209.789164589809,1979.0379101353628
55.94596821857518,-3.1909369263693113,WSW,55.94585341354547,-3.1912140902290647,2209.789164589809,1977.7879101353628
55.94585341354547,-3.1912140902290647,NNW,55.94613057740523,-3.191328895258774,2209.789164589809,1976.5379101353628
55.94613057740523,-3.191328895258774,SW,55.94591844537087,-3.19154102729313,2209.789164589809,1975.2879101353628
55.94591844537087,-3.19154102729313,WSW,55.94580364034116,-3.1918181911528833,2209.789164589809,1974.0379101353628
55.94580364034116,-3.1918181911528833,ENE,55.94591844537087,-3.19154102729313,2209.789164589809,1972.7879101353628
55.94591844537087,-3.19154102729313,E,55.94591844537087,-3.1912410272931298,2209.789164589809,1971.5379101353628
55.94591844537087,-3.1912410272931298,E,55.94591844537087,-3.1909410272931296,2209.789164589809,1970.2879101353628
55.94591844537087,-3.1909410272931296,WNW,55.94603325040058,-3.191218191152883,2209.789164589809,1969.0379101353628
55.94603325040058,-3.191218191152883,ENE,55.94614805543029,-3.1909410272931296,2209.789164589809,1967.7879101353628
55.94614805543029,-3.1909410272931296,S,55.94584805543029,-3.1909410272931296,2209.789164589809,1966.5379101353628
55.94584805543029,-3.1909410272931296,WNW,55.94596286046,-3.191218191152883,2209.789164589809,1965.2879101353628
55.94596286046,-3.191218191152883,WSW,55.94584805543029,-3.1914953550126364,2209.789164589809,1964.0379101353628
55.94584805543029,-3.1914953550126364,SW,55.94563592339593,-3.191707487046992,2209.789164589809,1962.7879101353628
55.94563592339593,-3.191707487046992,SSE,55.94535875953618,-3.1915926820172826,2209.789164589809,1961.5379101353628
55.94535875953618,-3.1915926820172826,S,55.945058759536174,-3.1915926820172826,2209.789164589809,1960.2879101353628
55.945058759536174,-3.1915926820172826,NE,55.94527089157053,-3.191380549982927,2209.789164589809,1959.0379101353628
55.94527089157053,-3.191380549982927,SSE,55.944993727710774,-3.1912657449532174,2209.789164589809,1957.7879101353628
55.944993727710774,-3.1912657449532174,NNE,55.94527089157053,-3.191150939923508,2209.789164589809,1956.5379101353628
55.94527089157053,-3.191150939923508,SSW,55.944993727710774,-3.1912657449532174,2209.789164589809,1955.2879101353628
55.944993727710774,-3.1912657449532174,NNW,55.94527089157053,-3.191380549982927,2209.789164589809,1954.0379101353628
55.94527089157053,-3.191380549982927,SE,55.945058759536174,-3.191168417948571,2209.789164589809,1952.7879101353628
55.945058759536174,-3.191168417948571,WSW,55.94494395450646,-3.1914455818083245,2209.789164589809,1951.5379101353628
55.94494395450646,-3.1914455818083245,SW,55.94473182247211,-3.1916577138426803,2209.789164589809,1950.2879101353628
55.94473182247211,-3.1916577138426803,WSW,55.9446170174424,-3.1919348777024337,2209.789164589809,1949.0379101353628
55.9446170174424,-3.1919348777024337,NNE,55.94489418130215,-3.191820072672724,2209.789164589809,1947.7879101353628
55.94489418130215,-3.191820072672724,NE,55.94510631333651,-3.1916079406383684,2209.789164589809,1946.5379101353628
55.94510631333651,-3.1916079406383684,SSW,55.94482914947675,-3.191722745668078,2209.789164589809,1945.2879101353628
55.94482914947675,-3.191722745668078,SSE,55.944551985617,-3.1916079406383684,2209.789164589809,1944.0379101353628
55.944551985617,-3.1916079406383684,E,55.944551985617,-3.191307940638368,2209.789164589809,1942.7879101353628
55.944551985617,-3.191307940638368,SSW,55.94427482175724,-3.1914227456680777,2209.789164589809,1941.5379101353628
55.94427482175724,-3.1914227456680777,SW,55.944062689722884,-3.1916348777024335,2209.789164589809,1940.2879101353628
55.944062689722884,-3.1916348777024335,NNE,55.94433985358264,-3.191520072672724,2209.789164589809,1939.0379101353628
55.94433985358264,-3.191520072672724,WSW,55.94422504855293,-3.1917972365324774,2209.789164589809,1937.7879101353628
55.94422504855293,-3.1917972365324774,ESE,55.94411024352322,-3.191520072672724,2209.789164589809,1936.5379101353628
55.94411024352322,-3.191520072672724,WNW,55.94422504855293,-3.1917972365324774,2209.789164589809,1935.2879101353628
55.94422504855293,-3.1917972365324774,ESE,55.94411024352322,-3.191520072672724,2209.789164589809,1934.0379101353628
55.94411024352322,-3.191520072672724,SSW,55.94383307966346,-3.1916348777024335,2209.789164589809,1932.7879101353628
55.94383307966346,-3.1916348777024335,WNW,55.94394788469317,-3.191912041562187,2209.789164589809,1931.5379101353628
55.94394788469317,-3.191912041562187,NW,55.94416001672753,-3.1921241735965427,2209.789164589809,1930.2879101353628
55.94416001672753,-3.1921241735965427,NNW,55.944437180587286,-3.192238978626252,2209.789164589809,1929.0379101353628
55.944437180587286,-3.192238978626252,SSE,55.94416001672753,-3.1921241735965427,2209.789164589809,1927.7879101353628
55.94416001672753,-3.1921241735965427,WNW,55.94427482175724,-3.192401337456296,2209.789164589809,1926.5379101353628
55.94427482175724,-3.192401337456296,E,55.94427482175724,-3.192101337456296,2209.789164589809,1925.2879101353628
55.94427482175724,-3.192101337456296,SSW,55.943997657897484,-3.1922161424860054,2209.789164589809,1924.0379101353628
55.943997657897484,-3.1922161424860054,E,55.943997657897484,-3.191916142486005,2209.789164589809,1922.7879101353628
55.943997657897484,-3.191916142486005,NE,55.94420978993184,-3.1917040104516494,2209.789164589809,1921.5379101353628
55.94420978993184,-3.1917040104516494,E,55.94420978993184,-3.1914040104516492,2209.789164589809,1920.2879101353628
55.94420978993184,-3.1914040104516492,ENE,55.94432459496155,-3.191126846591896,2209.789164589809,1919.0379101353628
55.94432459496155,-3.191126846591896,E,55.94432459496155,-3.1908268465918956,2209.789164589809,1917.7879101353628
55.94432459496155,-3.1908268465918956,SE,55.944112462927194,-3.19061471455754,2209.789164589809,1916.5379101353628
55.944112462927194,-3.19061471455754,NNE,55.94438962678695,-3.1904999095278304,2209.789164589809,1915.2879101353628
55.94438962678695,-3.1904999095278304,N,55.94468962678695,-3.1904999095278304,2209.789164589809,1914.0379101353628
55.94468962678695,-3.1904999095278304,SE,55.9444774947526,-3.1902877774934746,2209.789164589809,1912.7879101353628
55.9444774947526,-3.1902877774934746,WSW,55.94436268972289,-3.190564941353228,2209.789164589809,1911.5379101353628
55.94436268972289,-3.190564941353228,S,55.944062689722884,-3.190564941353228,2209.789164589809,1910.2879101353628
55.944062689722884,-3.190564941353228,W,55.944062689722884,-3.190864941353228,2209.789164589809,1909.0379101353628
55.944062689722884,-3.190864941353228,WNW,55.944177494752594,-3.1911421052129816,2209.789164589809,1907.7879101353628
55.944177494752594,-3.1911421052129816,N,55.9444774947526,-3.1911421052129816,2209.789164589809,1906.5379101353628
55.9444774947526,-3.1911421052129816,SSE,55.94420033089284,-3.191027300183272,2209.789164589809,1905.2879101353628
55.94420033089284,-3.191027300183272,SW,55.943988198858484,-3.191239432217628,2209.789164589809,1904.0379101353628
55.943988198858484,-3.191239432217628,N,55.94428819885849,-3.191239432217628,2209.789164589809,1902.7879101353628
55.94428819885849,-3.191239432217628,NNW,55.944565362718244,-3.1913542372473374,2209.789164589809,1901.5379101353628
55.944565362718244,-3.1913542372473374,SE,55.94435323068389,-3.1911421052129816,2209.789164589809,1900.2879101353628
55.94435323068389,-3.1911421052129816,WNW,55.9444680357136,-3.191419269072735,2209.789164589809,1899.0379101353628
55.9444680357136,-3.191419269072735,W,55.9444680357136,-3.191719269072735,2209.789164589809,1897.7879101353628
55.9444680357136,-3.191719269072735,N,55.9447680357136,-3.191719269072735,2209.789164589809,1896.5379101353628
55.9447680357136,-3.191719269072735,SSW,55.944490871853844,-3.1918340741024447,2209.789164589809,1895.2879101353628
55.944490871853844,-3.1918340741024447,SE,55.94427873981949,-3.191621942068089,2209.789164589809,1894.0379101353628
55.94427873981949,-3.191621942068089,SSW,55.94400157595973,-3.1917367470977984,2209.789164589809,1892.7879101353628
55.94400157595973,-3.1917367470977984,WNW,55.94411638098944,-3.192013910957552,2209.789164589809,1891.5379101353628
55.94411638098944,-3.192013910957552,N,55.944416380989445,-3.192013910957552,2209.789164589809,1890.2879101353628
55.944416380989445,-3.192013910957552,W,55.944416380989445,-3.192313910957552,2209.789164589809,1889.0379101353628
55.944416380989445,-3.192313910957552,SE,55.94420424895509,-3.1921017789231962,2209.789164589809,1887.7879101353628
55.94420424895509,-3.1921017789231962,NNW,55.944481412814845,-3.1922165839529058,2209.789164589809,1886.5379101353628
55.944481412814845,-3.1922165839529058,NNE,55.9447585766746,-3.1921017789231962,2209.789164589809,1885.2879101353628
55.9447585766746,-3.1921017789231962,NW,55.94497070870896,-3.192313910957552,2209.789164589809,1884.0379101353628
55.94497070870896,-3.192313910957552,NNW,55.945247872568714,-3.1924287159872615,2209.789164589809,1882.7879101353628
55.945247872568714,-3.1924287159872615,ENE,55.945362677598425,-3.192151552127508,2209.789164589809,1881.5379101353628
55.945362677598425,-3.192151552127508,NE,55.94557480963278,-3.1919394200931523,2209.789164589809,1880.2879101353628
55.94557480963278,-3.1919394200931523,SSE,55.945297645773024,-3.191824615063443,2209.789164589809,1879.0379101353628
55.945297645773024,-3.191824615063443,E,55.945297645773024,-3.1915246150634426,2209.789164589809,1877.7879101353628
55.945297645773024,-3.1915246150634426,S,55.94499764577302,-3.1915246150634426,2209.789164589809,1876.5379101353628
55.94499764577302,-3.1915246150634426,NW,55.94520977780738,-3.1917367470977984,2209.789164589809,1875.2879101353628
55.94520977780738,-3.1917367470977984,N,55.94550977780738,-3.1917367470977984,2209.789164589809,1874.0379101353628
55.94550977780738,-3.1917367470977984,W,55.94550977780738,-3.1920367470977986,2209.789164589809,1872.7879101353628
55.94550977780738,-3.1920367470977986,W,55.94550977780738,-3.192336747097799,2209.789164589809,1871.5379101353628
55.94550977780738,-3.192336747097799,SE,55.945297645773024,-3.192124615063443,2209.789164589809,1870.2879101353628
55.945297645773024,-3.192124615063443,SSE,55.94502048191327,-3.1920098100337335,2209.789164589809,1869.0379101353628
55.94502048191327,-3.1920098100337335,ESE,55.94490567688356,-3.19173264617398,2209.789164589809,1867.7879101353628
55.94490567688356,-3.19173264617398,SSE,55.9446285130238,-3.1916178411442706,2209.789164589809,1866.5379101353628
55.9446285130238,-3.1916178411442706,NNE,55.94490567688356,-3.191503036114561,2209.789164589809,1865.2879101353628
55.94490567688356,-3.191503036114561,WNW,55.94502048191327,-3.1917801999743145,2209.789164589809,1864.0379101353628
55.94502048191327,-3.1917801999743145,SSE,55.94474331805351,-3.191665394944605,2209.789164589809,1862.7879101353628
55.94474331805351,-3.191665394944605,S,55.94444331805351,-3.191665394944605,2209.789164589809,1861.5379101353628
55.94444331805351,-3.191665394944605,WSW,55.9443285130238,-3.1919425588043584,2209.789164589809,1860.2879101353628
55.9443285130238,-3.1919425588043584,NNW,55.944605676883555,-3.192057363834068,2209.789164589809,1859.0379101353628
55.944605676883555,-3.192057363834068,SSW,55.9443285130238,-3.1921721688637774,2209.789164589809,1857.7879101353628
55.9443285130238,-3.1921721688637774,NNW,55.944605676883555,-3.192286973893487,2209.789164589809,1856.5379101353628
55.944605676883555,-3.192286973893487,NE,55.94481780891791,-3.192074841859131,2209.789164589809,1855.2879101353628
55.94481780891791,-3.192074841859131,ESE,55.9447030038882,-3.1917976779993777,2209.789164589809,1854.0379101353628
55.9447030038882,-3.1917976779993777,SE,55.944490871853844,-3.191585545965022,2209.789164589809,1852.7879101353628
55.944490871853844,-3.191585545965022,N,55.94479087185385,-3.191585545965022,2209.789164589809,1851.5379101353628
55.94479087185385,-3.191585545965022,W,55.94479087185385,-3.191885545965022,2209.789164589809,1850.2879101353628
55.94479087185385,-3.191885545965022,NNE,55.945068035713604,-3.1917707409353127,2209.789164589809,1849.0379101353628
55.945068035713604,-3.1917707409353127,N,55.94536803571361,-3.1917707409353127,2209.789164589809,1847.7879101353628
55.94536803571361,-3.1917707409353127,SE,55.94515590367925,-3.191558608900957,2209.789164589809,1846.5379101353628
55.94515590367925,-3.191558608900957,ESE,55.94504109864954,-3.1912814450412035,2209.789164589809,1845.2879101353628
55.94504109864954,-3.1912814450412035,SSE,55.94476393478978,-3.191166640011494,2209.789164589809,1844.0379101353628
55.94476393478978,-3.191166640011494,NE,55.94497606682414,-3.190954507977138,2209.789164589809,1842.7879101353628
55.94497606682414,-3.190954507977138,SSW,55.94469890296438,-3.1910693130068477,2209.789164589809,1841.5379101353628
55.94469890296438,-3.1910693130068477,NNE,55.94497606682414,-3.190954507977138,2209.789164589809,1840.2879101353628
55.94497606682414,-3.190954507977138,N,55.94527606682414,-3.190954507977138,2209.789164589809,1839.0379101353628
55.94527606682414,-3.190954507977138,ESE,55.94516126179443,-3.190677344117385,2209.789164589809,1837.7879101353628
55.94516126179443,-3.190677344117385,W,55.94516126179443,-3.190977344117385,2209.789164589809,1836.5379101353628
55.94516126179443,-3.190977344117385,WSW,55.94504645676472,-3.1912545079771384,2209.789164589809,1835.2879101353628
55.94504645676472,-3.1912545079771384,S,55.94474645676472,-3.1912545079771384,2209.789164589809,1834.0379101353628
55.94474645676472,-3.1912545079771384,SSW,55.94446929290496,-3.191369313006848,2209.789164589809,1832.7879101353628
55.94446929290496,-3.191369313006848,E,55.94446929290496,-3.1910693130068477,2209.789164589809,1831.5379101353628
55.94446929290496,-3.1910693130068477,WSW,55.94435448787525,-3.191346476866601,2209.789164589809,1830.2879101353628
55.94435448787525,-3.191346476866601,E,55.94435448787525,-3.191046476866601,2209.789164589809,1829.0379101353628
55.94435448787525,-3.191046476866601,ESE,55.94423968284554,-3.1907693130068475,2209.789164589809,1827.7879101353628
