55.944425,-3.188396,SW,55.944212867965646,-3.188608132034356,0.0,248.75
55.944212867965646,-3.188608132034356,SW,55.94400073593129,-3.1888202640687116,28.788619995117188,297.71820068359375
55.94400073593129,-3.1888202640687116,SSE,55.943723572071534,-3.188705459039002,115.79727935791016,350.6629943847656
55.943723572071534,-3.188705459039002,SW,55.94351144003718,-3.188917591073358,196.73150634765625,415.86834716796875
55.94351144003718,-3.188917591073358,SSW,55.94323427617742,-3.1890323961030673,196.73150634765625,414.61834716796875
55.94323427617742,-3.1890323961030673,SW,55.943022144143065,-3.189244528137423,302.18341064453125,503.0052795410156
55.943022144143065,-3.189244528137423,SSE,55.94274498028331,-3.1891297231077136,315.4711608886719,510.329833984375
55.94274498028331,-3.1891297231077136,ENE,55.94285978531302,-3.18885255924796,315.4711608886719,509.079833984375
55.94285978531302,-3.18885255924796,ENE,55.94297459034273,-3.188575395388207,315.4711608886719,507.829833984375
55.94297459034273,-3.188575395388207,E,55.94297459034273,-3.1882753953882066,384.5953674316406,559.5032348632812
55.94297459034273,-3.1882753953882066,NE,55.943186722377085,-3.188063263353851,384.5953674316406,558.2532348632812
55.943186722377085,-3.188063263353851,E,55.943186722377085,-3.1877632633538506,384.5953674316406,557.0032348632812
55.943186722377085,-3.1877632633538506,ESE,55.943071917347375,-3.1874860994940972,498.3045959472656,595.584228515625
55.943071917347375,-3.1874860994940972,ENE,55.943186722377085,-3.187208935634344,498.3045959472656,594.334228515625
55.943186722377085,-3.187208935634344,SE,55.94297459034273,-3.186996803599988,565.6856689453125,637.9642333984375
55.94297459034273,-3.186996803599988,ESE,55.94285978531302,-3.1867196397402346,565.6856689453125,636.7142333984375
55.94285978531302,-3.1867196397402346,ESE,55.94274498028331,-3.1864424758804812,565.6856689453125,635.4642333984375
55.94274498028331,-3.1864424758804812,ENE,55.94285978531302,-3.186165312020728,565.6856689453125,634.2142333984375
55.94285978531302,-3.186165312020728,ENE,55.94297459034273,-3.1858881481609744,613.51611328125,720.758056640625
55.94297459034273,-3.1858881481609744,ENE,55.94308939537244,-3.185610984301221,613.51611328125,719.508056640625
55.94308939537244,-3.185610984301221,E,55.94308939537244,-3.185310984301221,730.5322265625,836.543701171875
55.94308939537244,-3.185310984301221,ESE,55.94297459034273,-3.1850338204414674,730.5322265625,835.293701171875
55.94297459034273,-3.1850338204414674,ESE,55.94285978531302,-3.184756656581714,803.41943359375,940.3887939453125
55.94285978531302,-3.184756656581714,NW,55.943071917347375,-3.18496878861607,803.41943359375,939.1387939453125
55.943071917347375,-3.18496878861607,NNW,55.94334908120713,-3.1850835936457793,803.41943359375,937.8887939453125
55.94334908120713,-3.1850835936457793,NNW,55.94362624506689,-3.185198398675489,803.41943359375,936.6387939453125
55.94362624506689,-3.185198398675489,NE,55.943838377101244,-3.184986266641133,803.41943359375,935.3887939453125
55.943838377101244,-3.184986266641133,NE,55.9440505091356,-3.1847741346067773,901.4208374023438,946.216552734375
55.9440505091356,-3.1847741346067773,NNW,55.94432767299536,-3.184888939636487,909.8134155273438,948.3609008789062
55.94432767299536,-3.184888939636487,WNW,55.94444247802507,-3.18516610349624,984.44384765625,1015.7943115234375
55.94444247802507,-3.18516610349624,N,55.94474247802507,-3.18516610349624,984.44384765625,1014.5443115234375
55.94474247802507,-3.18516610349624,N,55.94504247802507,-3.18516610349624,984.44384765625,1013.2943115234375
55.94504247802507,-3.18516610349624,N,55.945342478025076,-3.18516610349624,984.44384765625,1012.0443115234375
55.945342478025076,-3.18516610349624,N,55.94564247802508,-3.18516610349624,984.44384765625,1010.7943115234375
55.94564247802508,-3.18516610349624,N,55.94594247802508,-3.18516610349624,1101.77490234375,1050.2109375
55.94594247802508,-3.18516610349624,WNW,55.94605728305479,-3.1854432673559936,1101.77490234375,1048.9609375
55.94605728305479,-3.1854432673559936,W,55.94605728305479,-3.185743267355994,1216.3868408203125,1163.5218505859375
55.94605728305479,-3.185743267355994,SSE,55.945780119195035,-3.1856284623262843,1320.796875,1175.4429931640625
55.945780119195035,-3.1856284623262843,SW,55.94556798716068,-3.18584059436064,1320.796875,1174.1929931640625
55.94556798716068,-3.18584059436064,SW,55.94535585512632,-3.186052726394996,1320.796875,1172.9429931640625
55.94535585512632,-3.186052726394996,SW,55.94514372309197,-3.1862648584293516,1412.805908203125,1296.160888671875
55.94514372309197,-3.1862648584293516,SW,55.94493159105761,-3.1864769904637074,1440.474365234375,1305.323974609375
55.94493159105761,-3.1864769904637074,SSE,55.944654427197854,-3.186362185433998,1440.474365234375,1304.073974609375
55.944654427197854,-3.186362185433998,SW,55.9444422951635,-3.1865743174683536,1440.474365234375,1302.823974609375
55.9444422951635,-3.1865743174683536,W,55.9444422951635,-3.186874317468354,1440.474365234375,1301.573974609375
55.9444422951635,-3.186874317468354,NW,55.944654427197854,-3.1870864495027096,1540.9083251953125,1398.8040771484375
55.944654427197854,-3.1870864495027096,N,55.94495442719786,-3.1870864495027096,1540.9083251953125,1397.5540771484375
55.94495442719786,-3.1870864495027096,WNW,55.94506923222757,-3.187363613362463,1540.9083251953125,1396.3040771484375
55.94506923222757,-3.187363613362463,WNW,55.94518403725728,-3.1876407772222164,1540.9083251953125,1395.0540771484375
55.94518403725728,-3.1876407772222164,WNW,55.94529884228699,-3.18791794108197,1540.9083251953125,1393.8040771484375
55.94529884228699,-3.18791794108197,WNW,55.9454136473167,-3.188195104941723,1578.4473876953125,1398.4400634765625
55.9454136473167,-3.188195104941723,N,55.9457136473167,-3.188195104941723,1623.7010498046875,1465.2047119140625
55.9457136473167,-3.188195104941723,SW,55.945501515282345,-3.188407236976079,1623.7010498046875,1463.9547119140625
55.945501515282345,-3.188407236976079,W,55.945501515282345,-3.188707236976079,1623.7010498046875,1462.7047119140625
55.945501515282345,-3.188707236976079,W,55.945501515282345,-3.1890072369760794,1623.7010498046875,1461.4547119140625
55.945501515282345,-3.1890072369760794,W,55.945501515282345,-3.1893072369760795,1623.7010498046875,1460.2047119140625
55.945501515282345,-3.1893072369760795,WNW,55.945616320312055,-3.189584400835833,1623.7010498046875,1458.9547119140625
55.945616320312055,-3.189584400835833,W,55.945616320312055,-3.189884400835833,1703.765869140625,1523.092041015625
55.945616320312055,-3.189884400835833,W,55.945616320312055,-3.1901844008358333,1703.765869140625,1521.842041015625
55.945616320312055,-3.1901844008358333,W,55.945616320312055,-3.1904844008358335,1703.765869140625,1520.592041015625
55.945616320312055,-3.1904844008358335,W,55.945616320312055,-3.1907844008358337,1703.765869140625,1519.342041015625
55.945616320312055,-3.1907844008358337,W,55.945616320312055,-3.191084400835834,1742.9896240234375,1630.994384765625
55.945616320312055,-3.191084400835834,SW,55.9454041882777,-3.1912965328701897,1742.9896240234375,1629.744384765625
55.9454041882777,-3.1912965328701897,SW,55.94519205624334,-3.1915086649045454,1742.9896240234375,1628.494384765625
55.94519205624334,-3.1915086649045454,WSW,55.94507725121363,-3.191785828764299,1867.2845458984375,1729.7183837890625
55.94507725121363,-3.191785828764299,SSW,55.944800087353876,-3.1919006337940083,1867.2845458984375,1728.4683837890625
55.944800087353876,-3.1919006337940083,SSW,55.94452292349412,-3.192015438823718,1867.2845458984375,1727.2183837890625
55.94452292349412,-3.192015438823718,S,55.94422292349412,-3.192015438823718,1988.591552734375,1751.2366943359375
55.94422292349412,-3.192015438823718,SE,55.94401079145976,-3.191803306789362,1988.591552734375,1749.9866943359375
55.94401079145976,-3.191803306789362,SE,55.943798659425404,-3.1915911747550063,1988.591552734375,1748.7366943359375
55.943798659425404,-3.1915911747550063,SE,55.94358652739105,-3.1913790427206505,2029.5933837890625,1868.7943115234375
55.94358652739105,-3.1913790427206505,ESE,55.94347172236134,-3.191101878860897,2029.5933837890625,1867.5443115234375
55.94347172236134,-3.191101878860897,ESE,55.94335691733163,-3.1908247150011437,2029.5933837890625,1866.2943115234375
55.94335691733163,-3.1908247150011437,ESE,55.94324211230192,-3.1905475511413903,2045.68994140625,1943.603515625
55.94324211230192,-3.1905475511413903,NE,55.94345424433627,-3.1903354191070346,2045.68994140625,1942.353515625
55.94345424433627,-3.1903354191070346,NE,55.94366637637063,-3.190123287072679,2101.79833984375,2040.864501953125
55.94366637637063,-3.190123287072679,WSW,55.94355157134092,-3.190400450932432,2101.79833984375,2039.614501953125
55.94355157134092,-3.190400450932432,WNW,55.94366637637063,-3.1906776147921856,2101.79833984375,2038.364501953125
55.94366637637063,-3.1906776147921856,ENE,55.94378118140034,-3.190400450932432,2101.79833984375,2037.114501953125
55.94378118140034,-3.190400450932432,SSW,55.94350401754058,-3.1905152559621417,2101.79833984375,2035.864501953125
55.94350401754058,-3.1905152559621417,SW,55.94329188550623,-3.1907273879964975,2101.79833984375,2034.614501953125
55.94329188550623,-3.1907273879964975,E,55.94329188550623,-3.1904273879964973,2101.79833984375,2033.364501953125
55.94329188550623,-3.1904273879964973,S,55.942991885506224,-3.1904273879964973,2101.79833984375,2032.114501953125
55.942991885506224,-3.1904273879964973,NNE,55.94326904936598,-3.1903125829667878,2101.79833984375,2030.864501953125
55.94326904936598,-3.1903125829667878,SSW,55.942991885506224,-3.1904273879964973,2101.79833984375,2029.614501953125
55.942991885506224,-3.1904273879964973,W,55.942991885506224,-3.1907273879964975,2101.79833984375,2028.364501953125
55.942991885506224,-3.1907273879964975,ESE,55.942877080476514,-3.190450224136744,2101.79833984375,2027.114501953125
55.942877080476514,-3.190450224136744,WNW,55.942991885506224,-3.1907273879964975,2101.79833984375,2025.864501953125
55.942991885506224,-3.1907273879964975,SE,55.94277975347187,-3.1905152559621417,2101.79833984375,2024.614501953125
55.94277975347187,-3.1905152559621417,ESE,55.94266494844216,-3.1902380921023883,2101.79833984375,2023.364501953125
55.94266494844216,-3.1902380921023883,NNW,55.942942112301914,-3.190352897132098,2101.79833984375,2022.114501953125
55.942942112301914,-3.190352897132098,NNW,55.94321927616167,-3.1904677021618073,2101.79833984375,2020.864501953125
55.94321927616167,-3.1904677021618073,NW,55.94343140819603,-3.190679834196163,2101.79833984375,2019.614501953125
55.94343140819603,-3.190679834196163,N,55.94373140819603,-3.190679834196163,2101.79833984375,2018.364501953125
55.94373140819603,-3.190679834196163,NNW,55.944008572055786,-3.1907946392258726,2101.79833984375,2017.114501953125
55.944008572055786,-3.1907946392258726,NE,55.94422070409014,-3.190582507191517,2101.79833984375,2015.864501953125
55.94422070409014,-3.190582507191517,E,55.94422070409014,-3.1902825071915166,2101.79833984375,2014.614501953125
55.94422070409014,-3.1902825071915166,N,55.944520704090145,-3.1902825071915166,2101.79833984375,2013.364501953125
55.944520704090145,-3.1902825071915166,W,55.944520704090145,-3.190582507191517,2101.79833984375,2012.114501953125
55.944520704090145,-3.190582507191517,ESE,55.944405899060435,-3.1903053433317634,2101.79833984375,2010.864501953125
55.944405899060435,-3.1903053433317634,W,55.944405899060435,-3.1906053433317636,2101.79833984375,2009.614501953125
55.944405899060435,-3.1906053433317636,WSW,55.944291094030724,-3.190882507191517,2101.79833984375,2008.364501953125
55.944291094030724,-3.190882507191517,N,55.94459109403073,-3.190882507191517,2101.79833984375,2007.114501953125
55.94459109403073,-3.190882507191517,WNW,55.94470589906044,-3.1911596710512704,2101.79833984375,2005.864501953125
55.94470589906044,-3.1911596710512704,WNW,55.94482070409015,-3.191436834911024,2101.79833984375,2004.614501953125
55.94482070409015,-3.191436834911024,N,55.94512070409015,-3.191436834911024,2101.79833984375,2003.364501953125
55.94512070409015,-3.191436834911024,NNW,55.94539786794991,-3.1915516399407333,2101.79833984375,2002.114501953125
55.94539786794991,-3.1915516399407333,SSW,55.94512070409015,-3.191666444970443,2101.79833984375,2000.864501953125
55.94512070409015,-3.191666444970443,NNE,55.94539786794991,-3.1915516399407333,2101.79833984375,1999.614501953125
55.94539786794991,-3.1915516399407333,E,55.94539786794991,-3.191251639940733,2101.79833984375,1998.364501953125
55.94539786794991,-3.191251639940733,NE,55.94560999998426,-3.1910395079063774,2101.79833984375,1997.114501953125
55.94560999998426,-3.1910395079063774,E,55.94560999998426,-3.190739507906377,2101.79833984375,1995.864501953125
55.94560999998426,-3.190739507906377,SE,55.94539786794991,-3.1905273758720214,2101.79833984375,1994.614501953125
55.94539786794991,-3.1905273758720214,S,55.945097867949904,-3.1905273758720214,2101.79833984375,1993.364501953125
55.945097867949904,-3.1905273758720214,NW,55.94530999998426,-3.190739507906377,2101.79833984375,1992.114501953125
55.94530999998426,-3.190739507906377,ENE,55.94542480501397,-3.1904623440466238,2101.79833984375,1990.864501953125
55.94542480501397,-3.1904623440466238,NNW,55.94570196887373,-3.1905771490763333,2101.79833984375,1989.614501953125
55.94570196887373,-3.1905771490763333,WSW,55.94558716384402,-3.1908543129360867,2101.79833984375,1988.364501953125
55.94558716384402,-3.1908543129360867,SSE,55.94530999998426,-3.190739507906377,2101.79833984375,1987.114501953125
55.94530999998426,-3.190739507906377,NE,55.94552213201862,-3.1905273758720214,2101.79833984375,1985.864501953125
55.94552213201862,-3.1905273758720214,WSW,55.94540732698891,-3.190804539731775,2101.79833984375,1984.614501953125
55.94540732698891,-3.190804539731775,ENE,55.94552213201862,-3.1905273758720214,2101.79833984375,1983.364501953125
55.94552213201862,-3.1905273758720214,WSW,55.94540732698891,-3.190804539731775,2101.79833984375,1982.114501953125
55.94540732698891,-3.190804539731775,E,55.94540732698891,-3.1905045397317746,2101.79833984375,1980.864501953125
55.94540732698891,-3.1905045397317746,WNW,55.94552213201862,-3.190781703591528,2101.79833984375,1979.614501953125
55.94552213201862,-3.190781703591528,N,55.94582213201862,-3.190781703591528,2101.79833984375,1978.364501953125
55.94582213201862,-3.190781703591528,WNW,55.94593693704833,-3.1910588674512814,2101.79833984375,1977.114501953125
55.94593693704833,-3.1910588674512814,WNW,55.94605174207804,-3.191336031311035,2101.79833984375,1975.864501953125
55.94605174207804,-3.191336031311035,SSW,55.945774578218284,-3.1914508363407443,2101.79833984375,1974.614501953125
55.945774578218284,-3.1914508363407443,WSW,55.945659773188574,-3.1917280002004977,2101.79833984375,1973.364501953125
55.945659773188574,-3.1917280002004977,NW,55.94587190522293,-3.1919401322348535,2101.79833984375,1972.114501953125
55.94587190522293,-3.1919401322348535,NNW,55.946149069082686,-3.192054937264563,2101.79833984375,1970.864501953125
55.946149069082686,-3.192054937264563,WSW,55.946034264052976,-3.1923321011243164,2101.79833984375,1969.614501953125
55.946034264052976,-3.1923321011243164,SSE,55.94575710019322,-3.192217296094607,2101.79833984375,1968.364501953125
55.94575710019322,-3.192217296094607,NW,55.945969232227576,-3.1924294281289627,2101.79833984375,1967.114501953125
55.945969232227576,-3.1924294281289627,E,55.945969232227576,-3.1921294281289625,2101.79833984375,1965.864501953125
55.945969232227576,-3.1921294281289625,ENE,55.946084037257286,-3.191852264269209,2101.79833984375,1964.614501953125
55.946084037257286,-3.191852264269209,SSW,55.94580687339753,-3.1919670692989186,2101.79833984375,1963.364501953125
55.94580687339753,-3.1919670692989186,WSW,55.94569206836782,-3.192244233158672,2101.79833984375,1962.114501953125
55.94569206836782,-3.192244233158672,NNE,55.945969232227576,-3.1921294281289625,2101.79833984375,1960.864501953125
55.945969232227576,-3.1921294281289625,WSW,55.945854427197865,-3.192406591988716,2101.79833984375,1959.614501953125
55.945854427197865,-3.192406591988716,SE,55.94564229516351,-3.19219445995436,2101.79833984375,1958.364501953125
55.94564229516351,-3.19219445995436,NNE,55.945919459023266,-3.1920796549246506,2101.79833984375,1957.114501953125
55.945919459023266,-3.1920796549246506,ESE,55.945804653993555,-3.191802491064897,2101.79833984375,1955.864501953125
55.945804653993555,-3.191802491064897,SSE,55.9455274901338,-3.1916876860351877,2101.79833984375,1954.614501953125
55.9455274901338,-3.1916876860351877,E,55.9455274901338,-3.1913876860351875,2101.79833984375,1953.364501953125
55.9455274901338,-3.1913876860351875,N,55.9458274901338,-3.1913876860351875,2101.79833984375,1952.114501953125
55.9458274901338,-3.1913876860351875,SW,55.945615358099445,-3.1915998180695433,2101.79833984375,1950.864501953125
55.945615358099445,-3.1915998180695433,NNE,55.9458925219592,-3.191485013039834,2101.79833984375,1949.614501953125
55.9458925219592,-3.191485013039834,WSW,55.94577771692949,-3.191762176899587,2101.79833984375,1948.364501953125
55.94577771692949,-3.191762176899587,ESE,55.94566291189978,-3.191485013039834,2101.79833984375,1947.114501953125
55.94566291189978,-3.191485013039834,WNW,55.94577771692949,-3.191762176899587,2101.79833984375,1945.864501953125
55.94577771692949,-3.191762176899587,ESE,55.94566291189978,-3.191485013039834,2101.79833984375,1944.614501953125
55.94566291189978,-3.191485013039834,SSW,55.945385748040025,-3.1915998180695433,2101.79833984375,1943.364501953125
55.945385748040025,-3.1915998180695433,WNW,55.945500553069735,-3.1918769819292967,2101.79833984375,1942.114501953125
55.945500553069735,-3.1918769819292967,NW,55.94571268510409,-3.1920891139636525,2101.79833984375,1940.864501953125
55.94571268510409,-3.1920891139636525,NNW,55.94598984896385,-3.192203918993362,2101.79833984375,1939.614501953125
55.94598984896385,-3.192203918993362,ESE,55.94587504393414,-3.1919267551336086,2101.79833984375,1938.364501953125
55.94587504393414,-3.1919267551336086,WNW,55.94598984896385,-3.192203918993362,2101.79833984375,1937.114501953125
55.94598984896385,-3.192203918993362,NW,55.946201980998204,-3.1924160510277177,2101.79833984375,1935.864501953125
55.946201980998204,-3.1924160510277177,E,55.946201980998204,-3.1921160510277176,2101.79833984375,1934.614501953125
55.946201980998204,-3.1921160510277176,E,55.946201980998204,-3.1918160510277174,2101.79833984375,1933.364501953125
55.946201980998204,-3.1918160510277174,WSW,55.94608717596849,-3.1920932148874708,2101.79833984375,1932.114501953125
55.94608717596849,-3.1920932148874708,ENE,55.946201980998204,-3.1918160510277174,2101.79833984375,1930.864501953125
55.946201980998204,-3.1918160510277174,SSE,55.94592481713845,-3.191701245998008,2101.79833984375,1929.614501953125
55.94592481713845,-3.191701245998008,ENE,55.94603962216816,-3.1914240821382545,2101.79833984375,1928.364501953125
55.94603962216816,-3.1914240821382545,SSE,55.9457624583084,-3.191309277108545,2101.79833984375,1927.114501953125
55.9457624583084,-3.191309277108545,NNE,55.94603962216816,-3.1911944720788354,2101.79833984375,1925.864501953125
55.94603962216816,-3.1911944720788354,SE,55.9458274901338,-3.1909823400444797,2101.79833984375,1924.614501953125
55.9458274901338,-3.1909823400444797,SE,55.945615358099445,-3.190770208010124,2101.79833984375,1923.364501953125
55.945615358099445,-3.190770208010124,WSW,55.945500553069735,-3.1910473718698773,2101.79833984375,1922.114501953125
55.945500553069735,-3.1910473718698773,NW,55.94571268510409,-3.191259503904233,2101.79833984375,1920.864501953125
55.94571268510409,-3.191259503904233,W,55.94571268510409,-3.1915595039042333,2101.79833984375,1919.614501953125
55.94571268510409,-3.1915595039042333,NNW,55.94598984896385,-3.1916743089339428,2101.79833984375,1918.364501953125
55.94598984896385,-3.1916743089339428,NE,55.946201980998204,-3.191462176899587,2101.79833984375,1917.114501953125
55.946201980998204,-3.191462176899587,E,55.946201980998204,-3.191162176899587,2101.79833984375,1915.864501953125
55.946201980998204,-3.191162176899587,SE,55.94598984896385,-3.190950044865231,2101.79833984375,1914.614501953125
55.94598984896385,-3.190950044865231,NE,55.946201980998204,-3.1907379128308753,2101.79833984375,1913.364501953125
55.946201980998204,-3.1907379128308753,SSW,55.94592481713845,-3.1908527178605848,2101.79833984375,1912.114501953125
55.94592481713845,-3.1908527178605848,SE,55.94571268510409,-3.190640585826229,2101.79833984375,1910.864501953125
55.94571268510409,-3.190640585826229,NNW,55.94598984896385,-3.1907553908559385,2101.79833984375,1909.614501953125
55.94598984896385,-3.1907553908559385,NW,55.946201980998204,-3.1909675228902943,2101.79833984375,1908.364501953125
55.946201980998204,-3.1909675228902943,SW,55.94598984896385,-3.19117965492465,2101.79833984375,1907.114501953125
55.94598984896385,-3.19117965492465,NW,55.946201980998204,-3.191391786959006,2101.79833984375,1905.864501953125
55.946201980998204,-3.191391786959006,E,55.946201980998204,-3.1910917869590056,2101.79833984375,1904.614501953125
55.946201980998204,-3.1910917869590056,S,55.9459019809982,-3.1910917869590056,2101.79833984375,1903.364501953125
55.9459019809982,-3.1910917869590056,WNW,55.94601678602791,-3.191368950818759,2101.79833984375,1902.114501953125
55.94601678602791,-3.191368950818759,S,55.94571678602791,-3.191368950818759,2101.79833984375,1900.864501953125
55.94571678602791,-3.191368950818759,W,55.94571678602791,-3.1916689508187592,2101.79833984375,1899.614501953125
55.94571678602791,-3.1916689508187592,NW,55.945928918062265,-3.191881082853115,2101.79833984375,1898.364501953125
55.945928918062265,-3.191881082853115,NNW,55.94620608192202,-3.1919958878828245,2101.79833984375,1897.114501953125
55.94620608192202,-3.1919958878828245,WSW,55.94609127689231,-3.192273051742578,2101.79833984375,1895.864501953125
55.94609127689231,-3.192273051742578,E,55.94609127689231,-3.1919730517425777,2101.79833984375,1894.614501953125
55.94609127689231,-3.1919730517425777,WNW,55.94620608192202,-3.192250215602331,2101.79833984375,1893.364501953125
55.94620608192202,-3.192250215602331,SW,55.945993949887665,-3.192462347636687,2101.79833984375,1892.114501953125
55.945993949887665,-3.192462347636687,NE,55.94620608192202,-3.192250215602331,2101.79833984375,1890.864501953125
55.94620608192202,-3.192250215602331,E,55.94620608192202,-3.191950215602331,2101.79833984375,1889.614501953125
55.94620608192202,-3.191950215602331,SE,55.945993949887665,-3.191738083567975,2101.79833984375,1888.364501953125
55.945993949887665,-3.191738083567975,E,55.945993949887665,-3.191438083567975,2101.79833984375,1887.114501953125
55.945993949887665,-3.191438083567975,ENE,55.946108754917375,-3.1911609197082216,2101.79833984375,1885.864501953125
55.946108754917375,-3.1911609197082216,WSW,55.945993949887665,-3.191438083567975,2101.79833984375,1884.614501953125
55.945993949887665,-3.191438083567975,SSE,55.94571678602791,-3.1913232785382655,2101.79833984375,1883.364501953125
55.94571678602791,-3.1913232785382655,W,55.94571678602791,-3.1916232785382657,2101.79833984375,1882.114501953125
55.94571678602791,-3.1916232785382657,SW,55.94550465399355,-3.1918354105726214,2101.79833984375,1880.864501953125
55.94550465399355,-3.1918354105726214,SSE,55.945227490133796,-3.191720605542912,2101.79833984375,1879.614501953125
55.945227490133796,-3.191720605542912,ESE,55.945112685104085,-3.1914434416831585,2101.79833984375,1878.364501953125
55.945112685104085,-3.1914434416831585,SSE,55.94483552124433,-3.191328636653449,2101.79833984375,1877.114501953125
55.94483552124433,-3.191328636653449,ESE,55.94472071621462,-3.1910514727936956,2101.79833984375,1875.864501953125
55.94472071621462,-3.1910514727936956,WNW,55.94483552124433,-3.191328636653449,2101.79833984375,1874.614501953125
55.94483552124433,-3.191328636653449,SSE,55.94455835738457,-3.1912138316237395,2101.79833984375,1873.364501953125
55.94455835738457,-3.1912138316237395,NNE,55.94483552124433,-3.19109902659403,2101.79833984375,1872.114501953125
55.94483552124433,-3.19109902659403,NW,55.945047653278685,-3.1913111586283858,2101.79833984375,1870.864501953125
55.945047653278685,-3.1913111586283858,NNW,55.94532481713844,-3.1914259636580953,2101.79833984375,1869.614501953125
55.94532481713844,-3.1914259636580953,SSW,55.945047653278685,-3.191540768687805,2101.79833984375,1868.364501953125
55.945047653278685,-3.191540768687805,NNW,55.94532481713844,-3.1916555737175143,2101.79833984375,1867.114501953125
55.94532481713844,-3.1916555737175143,SSW,55.945047653278685,-3.191770378747224,2101.79833984375,1865.864501953125
55.945047653278685,-3.191770378747224,ESE,55.944932848248975,-3.1914932148874704,2101.79833984375,1864.614501953125
55.944932848248975,-3.1914932148874704,SE,55.94472071621462,-3.1912810828531146,2101.79833984375,1863.364501953125
55.94472071621462,-3.1912810828531146,WNW,55.94483552124433,-3.191558246712868,2101.79833984375,1862.114501953125
55.94483552124433,-3.191558246712868,W,55.94483552124433,-3.191858246712868,2101.79833984375,1860.864501953125
55.94483552124433,-3.191858246712868,NNE,55.945112685104085,-3.1917434416831587,2101.79833984375,1859.614501953125
55.945112685104085,-3.1917434416831587,N,55.94541268510409,-3.1917434416831587,2101.79833984375,1858.364501953125
55.94541268510409,-3.1917434416831587,N,55.94571268510409,-3.1917434416831587,2101.79833984375,1857.114501953125
55.94571268510409,-3.1917434416831587,NNE,55.94598984896385,-3.191628636653449,2101.79833984375,1855.864501953125
55.94598984896385,-3.191628636653449,SE,55.94577771692949,-3.1914165046190934,2101.79833984375,1854.614501953125
55.94577771692949,-3.1914165046190934,N,55.946077716929494,-3.1914165046190934,2101.79833984375,1853.364501953125
55.946077716929494,-3.1914165046190934,ENE,55.946192521959205,-3.19113934075934,2101.79833984375,1852.114501953125
55.946192521959205,-3.19113934075934,ESE,55.946077716929494,-3.1908621768995866,2101.79833984375,1850.864501953125
55.946077716929494,-3.1908621768995866,WNW,55.946192521959205,-3.19113934075934,2101.79833984375,1849.614501953125
55.946192521959205,-3.19113934075934,SSW,55.94591535809945,-3.1912541457890495,2101.79833984375,1848.364501953125
55.94591535809945,-3.1912541457890495,W,55.94591535809945,-3.1915541457890497,2101.79833984375,1847.114501953125
55.94591535809945,-3.1915541457890497,WSW,55.94580055306974,-3.191831309648803,2101.79833984375,1845.864501953125
55.94580055306974,-3.191831309648803,S,55.945500553069735,-3.191831309648803,2101.79833984375,1844.614501953125
55.945500553069735,-3.191831309648803,SW,55.94528842103538,-3.192043441683159,2101.79833984375,1843.364501953125
55.94528842103538,-3.192043441683159,E,55.94528842103538,-3.1917434416831587,2101.79833984375,1842.114501953125
55.94528842103538,-3.1917434416831587,ESE,55.94517361600567,-3.1914662778234053,2101.79833984375,1840.864501953125
55.94517361600567,-3.1914662778234053,E,55.94517361600567,-3.191166277823405,2101.79833984375,1839.614501953125
55.94517361600567,-3.191166277823405,WNW,55.94528842103538,-3.1914434416831585,2101.79833984375,1838.364501953125
55.94528842103538,-3.1914434416831585,WNW,55.94540322606509,-3.191720605542912,2101.79833984375,1837.114501953125
55.94540322606509,-3.191720605542912,WSW,55.94528842103538,-3.1919977694026653,2101.79833984375,1835.864501953125
55.94528842103538,-3.1919977694026653,N,55.94558842103538,-3.1919977694026653,2101.79833984375,1834.614501953125
55.94558842103538,-3.1919977694026653,ENE,55.94570322606509,-3.191720605542912,2101.79833984375,1833.364501953125
55.94570322606509,-3.191720605542912,N,55.946003226065095,-3.191720605542912,2101.79833984375,1832.114501953125
55.946003226065095,-3.191720605542912,NE,55.94621535809945,-3.191508473508556,2101.79833984375,1830.864501953125
55.94621535809945,-3.191508473508556,SSW,55.945938194239694,-3.1916232785382657,2101.79833984375,1829.614501953125
55.945938194239694,-3.1916232785382657,NE,55.94615032627405,-3.19141114650391,2101.79833984375,1828.364501953125
55.94615032627405,-3.19141114650391,SSE,55.945873162414294,-3.1912963414742004,2101.79833984375,1827.114501953125
55.945873162414294,-3.1912963414742004,NW,55.94608529444865,-3.191508473508556,2101.79833984375,1825.864501953125
55.94608529444865,-3.191508473508556,SSE,55.945808130588894,-3.1913936684788466,2101.79833984375,1824.614501953125
55.945808130588894,-3.1913936684788466,WNW,55.945922935618604,-3.1916708323386,2101.79833984375,1823.364501953125
