55.944425,-3.188396,SSW,55.944147836140246,-3.1885108050297095,0.0,248.75
55.944147836140246,-3.1885108050297095,SSW,55.94387067228049,-3.188625610059419,0.0,247.5
55.94387067228049,-3.188625610059419,SSW,55.94359350842073,-3.1887404150891285,0.0,246.25
55.94359350842073,-3.1887404150891285,SSW,55.94331634456098,-3.188855220118838,0.0,245.0
55.94331634456098,-3.188855220118838,SW,55.94310421252662,-3.189067352153194,0.0,243.75
55.94310421252662,-3.189067352153194,SSW,55.942827048666864,-3.1891821571829033,104.67743682861328,313.6268005371094
55.942827048666864,-3.1891821571829033,WNW,55.942941853696574,-3.1894593210426567,104.67743682861328,312.3768005371094
55.942941853696574,-3.1894593210426567,WNW,55.943056658726285,-3.18973648490241,104.67743682861328,311.1268005371094
55.943056658726285,-3.18973648490241,W,55.943056658726285,-3.1900364849024103,104.67743682861328,309.8768005371094
55.943056658726285,-3.1900364849024103,W,55.943056658726285,-3.1903364849024105,104.67743682861328,308.6268005371094
55.943056658726285,-3.1903364849024105,W,55.943056658726285,-3.1906364849024107,104.67743682861328,307.3768005371094
55.943056658726285,-3.1906364849024107,WNW,55.943171463755995,-3.190913648762164,136.8826904296875,393.87371826171875
55.943171463755995,-3.190913648762164,N,55.943471463756,-3.190913648762164,136.8826904296875,392.62371826171875
55.943471463756,-3.190913648762164,NE,55.943683595790354,-3.1907015167278083,185.53872680664062,458.6139831542969
55.943683595790354,-3.1907015167278083,N,55.94398359579036,-3.1907015167278083,185.53872680664062,457.3639831542969
55.94398359579036,-3.1907015167278083,NE,55.94419572782471,-3.1904893846934526,201.29331970214844,514.8876342773438
55.94419572782471,-3.1904893846934526,WNW,55.94431053285442,-3.190766548553206,201.29331970214844,513.6376342773438
55.94431053285442,-3.190766548553206,WNW,55.944425337884134,-3.1910437124129594,201.29331970214844,512.3876342773438
55.944425337884134,-3.1910437124129594,WNW,55.944540142913844,-3.1913208762727128,201.29331970214844,511.13763427734375
55.944540142913844,-3.1913208762727128,W,55.944540142913844,-3.191620876272713,214.4031219482422,537.5758056640625
55.944540142913844,-3.191620876272713,W,55.944540142913844,-3.191920876272713,214.4031219482422,536.3258056640625
55.944540142913844,-3.191920876272713,W,55.944540142913844,-3.1922208762727133,246.46243286132812,618.9996337890625
55.944540142913844,-3.1922208762727133,N,55.94484014291385,-3.1922208762727133,246.46243286132812,617.7496337890625
55.94484014291385,-3.1922208762727133,N,55.94514014291385,-3.1922208762727133,310.8567810058594,700.0087890625
55.94514014291385,-3.1922208762727133,NE,55.945352274948206,-3.1920087442383576,310.8567810058594,698.7587890625
55.945352274948206,-3.1920087442383576,ENE,55.94546707997792,-3.191731580378604,394.2972717285156,712.5980834960938
55.94546707997792,-3.191731580378604,NNE,55.94574424383767,-3.1916167753488947,394.2972717285156,711.3480834960938
55.94574424383767,-3.1916167753488947,NNE,55.94602140769743,-3.191501970319185,462.3327331542969,815.1478271484375
55.94602140769743,-3.191501970319185,E,55.94602140769743,-3.191201970319185,480.14117431640625,896.7319946289062
55.94602140769743,-3.191201970319185,SE,55.94580927566307,-3.190989838284829,480.14117431640625,895.4819946289062
55.94580927566307,-3.190989838284829,ESE,55.94569447063336,-3.190712674425076,480.14117431640625,894.2319946289062
55.94569447063336,-3.190712674425076,SE,55.94548233859901,-3.19050054239072,480.14117431640625,892.9819946289062
55.94548233859901,-3.19050054239072,SE,55.94527020656465,-3.1902884103563642,593.88330078125,921.6026611328125
55.94527020656465,-3.1902884103563642,SSE,55.944993042704894,-3.1901736053266547,593.88330078125,920.3526611328125
55.944993042704894,-3.1901736053266547,SSE,55.94471587884514,-3.190058800296945,593.88330078125,919.1026611328125
55.94471587884514,-3.190058800296945,S,55.944415878845135,-3.190058800296945,696.048583984375,1002.5284423828125
55.944415878845135,-3.190058800296945,ENE,55.944530683874845,-3.189781636437192,696.048583984375,1001.2784423828125
55.944530683874845,-3.189781636437192,NE,55.9447428159092,-3.189569504402836,696.048583984375,1000.0284423828125
55.9447428159092,-3.189569504402836,ENE,55.94485762093891,-3.1892923405430826,696.048583984375,998.7784423828125
55.94485762093891,-3.1892923405430826,NE,55.94506975297327,-3.189080208508727,696.048583984375,997.5284423828125
55.94506975297327,-3.189080208508727,ENE,55.94518455800298,-3.1888030446489735,709.6978149414062,1050.3262939453125
55.94518455800298,-3.1888030446489735,ESE,55.94506975297327,-3.18852588078922,709.6978149414062,1049.0762939453125
55.94506975297327,-3.18852588078922,ENE,55.94518455800298,-3.1882487169294667,735.2186889648438,1075.8231201171875
55.94518455800298,-3.1882487169294667,N,55.94548455800298,-3.1882487169294667,735.2186889648438,1074.5731201171875
55.94548455800298,-3.1882487169294667,NE,55.94569669003734,-3.188036584895111,796.3555297851562,1103.1435546875
55.94569669003734,-3.188036584895111,N,55.94599669003734,-3.188036584895111,849.1757202148438,1155.1600341796875
55.94599669003734,-3.188036584895111,SSE,55.945719526177584,-3.1879217798654014,849.1757202148438,1153.9100341796875
55.945719526177584,-3.1879217798654014,SE,55.94550739414323,-3.1877096478310456,849.1757202148438,1152.6600341796875
55.94550739414323,-3.1877096478310456,E,55.94550739414323,-3.1874096478310454,854.7693481445312,1191.572021484375
55.94550739414323,-3.1874096478310454,SE,55.94529526210887,-3.1871975157966896,854.7693481445312,1190.322021484375
55.94529526210887,-3.1871975157966896,SSE,55.945018098249115,-3.18708271076698,854.7693481445312,1189.072021484375
55.945018098249115,-3.18708271076698,SE,55.94480596621476,-3.1868705787326244,854.7693481445312,1187.822021484375
55.94480596621476,-3.1868705787326244,SSE,55.944528802355,-3.186755773702915,854.7693481445312,1186.572021484375
55.944528802355,-3.186755773702915,SE,55.944316670320646,-3.186543641668559,951.5313720703125,1218.9444580078125
55.944316670320646,-3.186543641668559,WNW,55.944431475350356,-3.1868208055283125,951.5313720703125,1217.6944580078125
55.944431475350356,-3.1868208055283125,WNW,55.94454628038007,-3.187097969388066,951.5313720703125,1216.4444580078125
55.94454628038007,-3.187097969388066,W,55.94454628038007,-3.187397969388066,1070.8961181640625,1301.9383544921875
55.94454628038007,-3.187397969388066,SSE,55.94426911652031,-3.1872831643583566,1086.3929443359375,1322.061279296875
55.94426911652031,-3.1872831643583566,SSW,55.943991952660554,-3.187397969388066,1086.3929443359375,1320.811279296875
55.943991952660554,-3.187397969388066,SSW,55.9437147888008,-3.1875127744177756,1117.5816650390625,1424.5662841796875
55.9437147888008,-3.1875127744177756,S,55.943414788800794,-3.1875127744177756,1117.5816650390625,1423.3162841796875
55.943414788800794,-3.1875127744177756,S,55.94311478880079,-3.1875127744177756,1140.388427734375,1464.43115234375
55.94311478880079,-3.1875127744177756,SSE,55.942837624941035,-3.187397969388066,1229.375732421875,1539.655517578125
55.942837624941035,-3.187397969388066,ENE,55.942952429970745,-3.1871208055283127,1229.375732421875,1538.405517578125
55.942952429970745,-3.1871208055283127,ENE,55.943067235000456,-3.1868436416685593,1229.375732421875,1537.155517578125
55.943067235000456,-3.1868436416685593,ENE,55.943182040030166,-3.186566477808806,1229.375732421875,1535.905517578125
55.943182040030166,-3.186566477808806,NE,55.94339417206452,-3.18635434577445,1283.4150390625,1562.255859375
55.94339417206452,-3.18635434577445,SE,55.943182040030166,-3.1861422137400943,1326.242919921875,1583.21435546875
55.943182040030166,-3.1861422137400943,SE,55.94296990799581,-3.1859300817057385,1326.242919921875,1581.96435546875
55.94296990799581,-3.1859300817057385,ESE,55.9428551029661,-3.185652917845985,1438.0413818359375,1615.1826171875
55.9428551029661,-3.185652917845985,NNE,55.943132266825856,-3.1855381128162756,1438.0413818359375,1613.9326171875
55.943132266825856,-3.1855381128162756,NNE,55.94340943068561,-3.185423307786566,1438.0413818359375,1612.6826171875
55.94340943068561,-3.185423307786566,NNE,55.94368659454537,-3.1853085027568566,1457.5498046875,1686.1396484375
55.94368659454537,-3.1853085027568566,ESE,55.94357178951566,-3.185031338897103,1457.5498046875,1684.8896484375
55.94357178951566,-3.185031338897103,ESE,55.94345698448595,-3.18475417503735,1457.5498046875,1683.6396484375
55.94345698448595,-3.18475417503735,ESE,55.94334217945624,-3.1844770111775964,1568.687744140625,1800.336669921875
55.94334217945624,-3.1844770111775964,N,55.94364217945624,-3.1844770111775964,1568.687744140625,1799.086669921875
55.94364217945624,-3.1844770111775964,N,55.94394217945624,-3.1844770111775964,1568.687744140625,1797.836669921875
55.94394217945624,-3.1844770111775964,N,55.944242179456246,-3.1844770111775964,1568.687744140625,1796.586669921875
55.944242179456246,-3.1844770111775964,N,55.94454217945625,-3.1844770111775964,1568.687744140625,1795.336669921875
55.94454217945625,-3.1844770111775964,NNE,55.944819343316006,-3.184362206147887,1611.0111083984375,1859.385009765625
55.944819343316006,-3.184362206147887,NNW,55.94509650717576,-3.1844770111775964,1680.1549072265625,1906.2464599609375
55.94509650717576,-3.1844770111775964,NW,55.94530863921012,-3.184689143211952,1750.4609375,2019.5577392578125
55.94530863921012,-3.184689143211952,NNE,55.945585803069875,-3.1845743381822427,1864.0565185546875,2079.02685546875
55.945585803069875,-3.1845743381822427,WNW,55.945700608099585,-3.184851502041996,1864.0565185546875,2077.77685546875
55.945700608099585,-3.184851502041996,WNW,55.945815413129296,-3.1851286659017495,1864.0565185546875,2076.52685546875
55.945815413129296,-3.1851286659017495,W,55.945815413129296,-3.1854286659017497,1864.0565185546875,2075.27685546875
55.945815413129296,-3.1854286659017497,WNW,55.945930218159006,-3.185705829761503,1903.87451171875,2186.22119140625
55.945930218159006,-3.185705829761503,NNW,55.94620738201876,-3.1858206347912126,1903.87451171875,2184.97119140625
55.94620738201876,-3.1858206347912126,E,55.94620738201876,-3.1855206347912124,1903.87451171875,2183.72119140625
55.94620738201876,-3.1855206347912124,SSE,55.945930218159006,-3.185405829761503,1903.87451171875,2182.47119140625
55.945930218159006,-3.185405829761503,SSE,55.94565305429925,-3.1852910247317934,1903.87451171875,2181.22119140625
55.94565305429925,-3.1852910247317934,SW,55.94544092226489,-3.185503156766149,1903.87451171875,2179.97119140625
55.94544092226489,-3.185503156766149,E,55.94544092226489,-3.185203156766149,1903.87451171875,2178.72119140625
55.94544092226489,-3.185203156766149,W,55.94544092226489,-3.185503156766149,1903.87451171875,2177.47119140625
55.94544092226489,-3.185503156766149,WSW,55.94532611723518,-3.1857803206259026,1903.87451171875,2176.22119140625
55.94532611723518,-3.1857803206259026,SE,55.94511398520083,-3.185568188591547,1903.87451171875,2174.97119140625
55.94511398520083,-3.185568188591547,N,55.94541398520083,-3.185568188591547,1903.87451171875,2173.72119140625
55.94541398520083,-3.185568188591547,NNW,55.945691149060586,-3.1856829936212563,1903.87451171875,2172.47119140625
55.945691149060586,-3.1856829936212563,NE,55.94590328109494,-3.1854708615869005,1903.87451171875,2171.22119140625
55.94590328109494,-3.1854708615869005,SW,55.945691149060586,-3.1856829936212563,1903.87451171875,2169.97119140625
55.945691149060586,-3.1856829936212563,SE,55.94547901702623,-3.1854708615869005,1903.87451171875,2168.72119140625
55.94547901702623,-3.1854708615869005,ENE,55.94559382205594,-3.185193697727147,1903.87451171875,2167.47119140625
55.94559382205594,-3.185193697727147,SSW,55.945316658196184,-3.1853085027568566,1903.87451171875,2166.22119140625
55.945316658196184,-3.1853085027568566,SSW,55.94503949433643,-3.185423307786566,1903.87451171875,2164.97119140625
55.94503949433643,-3.185423307786566,ESE,55.94492468930672,-3.1851461439268127,1903.87451171875,2163.72119140625
55.94492468930672,-3.1851461439268127,SE,55.94471255727236,-3.184934011892457,1903.87451171875,2162.47119140625
55.94471255727236,-3.184934011892457,W,55.94471255727236,-3.185234011892457,1903.87451171875,2161.22119140625
55.94471255727236,-3.185234011892457,S,55.94441255727236,-3.185234011892457,1903.87451171875,2159.97119140625
55.94441255727236,-3.185234011892457,NW,55.944624689306714,-3.185446143926813,1903.87451171875,2158.72119140625
55.944624689306714,-3.185446143926813,SW,55.94441255727236,-3.1856582759611687,1903.87451171875,2157.47119140625
55.94441255727236,-3.1856582759611687,WSW,55.94429775224265,-3.185935439820922,1903.87451171875,2156.22119140625
55.94429775224265,-3.185935439820922,WNW,55.94441255727236,-3.1862126036806755,1903.87451171875,2154.97119140625
55.94441255727236,-3.1862126036806755,NE,55.944624689306714,-3.1860004716463197,1903.87451171875,2153.72119140625
55.944624689306714,-3.1860004716463197,ENE,55.944739494336424,-3.1857233077865663,1903.87451171875,2152.47119140625
55.944739494336424,-3.1857233077865663,W,55.944739494336424,-3.1860233077865665,1903.87451171875,2151.22119140625
55.944739494336424,-3.1860233077865665,ENE,55.944854299366135,-3.185746143926813,1903.87451171875,2149.97119140625
55.944854299366135,-3.185746143926813,SE,55.94464216733178,-3.1855340118924573,1903.87451171875,2148.72119140625
55.94464216733178,-3.1855340118924573,ESE,55.94452736230207,-3.185256848032704,1903.87451171875,2147.47119140625
55.94452736230207,-3.185256848032704,NE,55.944739494336424,-3.185044715998348,1903.87451171875,2146.22119140625
55.944739494336424,-3.185044715998348,SSW,55.94446233047667,-3.1851595210280577,1903.87451171875,2144.97119140625
55.94446233047667,-3.1851595210280577,S,55.944162330476665,-3.1851595210280577,1903.87451171875,2143.72119140625
55.944162330476665,-3.1851595210280577,N,55.94446233047667,-3.1851595210280577,1903.87451171875,2142.47119140625
55.94446233047667,-3.1851595210280577,E,55.94446233047667,-3.1848595210280575,1903.87451171875,2141.22119140625
55.94446233047667,-3.1848595210280575,SSE,55.94418516661691,-3.184744715998348,1903.87451171875,2139.97119140625
55.94418516661691,-3.184744715998348,SSE,55.943908002757155,-3.1846299109686385,1903.87451171875,2138.72119140625
55.943908002757155,-3.1846299109686385,SSW,55.9436308388974,-3.184744715998348,1903.87451171875,2137.47119140625
55.9436308388974,-3.184744715998348,ESE,55.94351603386769,-3.1844675521385946,1903.87451171875,2136.22119140625
55.94351603386769,-3.1844675521385946,NNE,55.943793197727445,-3.184352747108885,1903.87451171875,2134.97119140625
55.943793197727445,-3.184352747108885,N,55.94409319772745,-3.184352747108885,1903.87451171875,2133.72119140625
55.94409319772745,-3.184352747108885,S,55.943793197727445,-3.184352747108885,1903.87451171875,2132.47119140625
55.943793197727445,-3.184352747108885,WSW,55.943678392697734,-3.1846299109686385,1903.87451171875,2131.22119140625
55.943678392697734,-3.1846299109686385,NE,55.94389052473209,-3.1844177789342827,1903.87451171875,2129.97119140625
55.94389052473209,-3.1844177789342827,S,55.94359052473209,-3.1844177789342827,1903.87451171875,2128.72119140625
55.94359052473209,-3.1844177789342827,WNW,55.9437053297618,-3.184694942794036,1903.87451171875,2127.47119140625
55.9437053297618,-3.184694942794036,NNW,55.943982493621554,-3.1848097478237456,1903.87451171875,2126.22119140625
55.943982493621554,-3.1848097478237456,SE,55.9437703615872,-3.18459761578939,1903.87451171875,2124.97119140625
55.9437703615872,-3.18459761578939,WNW,55.94388516661691,-3.1848747796491432,1903.87451171875,2123.72119140625
55.94388516661691,-3.1848747796491432,S,55.943585166616906,-3.1848747796491432,1903.87451171875,2122.47119140625
55.943585166616906,-3.1848747796491432,NNE,55.94386233047666,-3.1847599746194337,1903.87451171875,2121.22119140625
55.94386233047666,-3.1847599746194337,W,55.94386233047666,-3.185059974619434,1903.87451171875,2119.97119140625
55.94386233047666,-3.185059974619434,SE,55.943650198442306,-3.184847842585078,1903.87451171875,2118.72119140625
55.943650198442306,-3.184847842585078,E,55.943650198442306,-3.184547842585078,1903.87451171875,2117.47119140625
55.943650198442306,-3.184547842585078,SE,55.94343806640795,-3.184335710550722,1903.87451171875,2116.22119140625
55.94343806640795,-3.184335710550722,S,55.94313806640795,-3.184335710550722,1903.87451171875,2114.97119140625
55.94313806640795,-3.184335710550722,SSW,55.94286090254819,-3.1844505155804317,1903.87451171875,2113.72119140625
55.94286090254819,-3.1844505155804317,SW,55.942648770513834,-3.1846626476147875,1903.87451171875,2112.47119140625
55.942648770513834,-3.1846626476147875,W,55.942648770513834,-3.1849626476147876,1903.87451171875,2111.22119140625
55.942648770513834,-3.1849626476147876,WNW,55.942763575543545,-3.185239811474541,1903.87451171875,2109.97119140625
55.942763575543545,-3.185239811474541,E,55.942763575543545,-3.184939811474541,1903.87451171875,2108.72119140625
55.942763575543545,-3.184939811474541,E,55.942763575543545,-3.1846398114745407,1903.87451171875,2107.47119140625
55.942763575543545,-3.1846398114745407,NNW,55.9430407394033,-3.18475461650425,1903.87451171875,2106.22119140625
55.9430407394033,-3.18475461650425,N,55.943340739403304,-3.18475461650425,1903.87451171875,2104.97119140625
55.943340739403304,-3.18475461650425,N,55.94364073940331,-3.18475461650425,1903.87451171875,2103.72119140625
55.94364073940331,-3.18475461650425,E,55.94364073940331,-3.18445461650425,1903.87451171875,2102.47119140625
55.94364073940331,-3.18445461650425,NNW,55.94391790326306,-3.1845694215339595,1903.87451171875,2101.22119140625
55.94391790326306,-3.1845694215339595,NE,55.94413003529742,-3.1843572894996037,1903.87451171875,2099.97119140625
55.94413003529742,-3.1843572894996037,WNW,55.94424484032713,-3.184634453359357,1903.87451171875,2098.72119140625
55.94424484032713,-3.184634453359357,SSW,55.94396767646737,-3.1847492583890666,1903.87451171875,2097.47119140625
55.94396767646737,-3.1847492583890666,NNE,55.94424484032713,-3.184634453359357,1903.87451171875,2096.22119140625
55.94424484032713,-3.184634453359357,NNW,55.94452200418689,-3.1847492583890666,1903.87451171875,2094.97119140625
55.94452200418689,-3.1847492583890666,NNW,55.94479916804664,-3.184864063418776,1903.87451171875,2093.72119140625
55.94479916804664,-3.184864063418776,SW,55.94458703601229,-3.185076195453132,1903.87451171875,2092.47119140625
55.94458703601229,-3.185076195453132,NNW,55.94486419987204,-3.1851910004828414,1903.87451171875,2091.22119140625
55.94486419987204,-3.1851910004828414,NNW,55.9451413637318,-3.185305805512551,1903.87451171875,2089.97119140625
55.9451413637318,-3.185305805512551,E,55.9451413637318,-3.1850058055125507,1903.87451171875,2088.72119140625
55.9451413637318,-3.1850058055125507,W,55.9451413637318,-3.185305805512551,1903.87451171875,2087.47119140625
55.9451413637318,-3.185305805512551,NNW,55.945418527591556,-3.1854206105422604,1903.87451171875,2086.22119140625
55.945418527591556,-3.1854206105422604,S,55.94511852759155,-3.1854206105422604,1903.87451171875,2084.97119140625
55.94511852759155,-3.1854206105422604,SSW,55.9448413637318,-3.18553541557197,1903.87451171875,2083.72119140625
55.9448413637318,-3.18553541557197,WSW,55.94472655870209,-3.1858125794317234,1903.87451171875,2082.47119140625
55.94472655870209,-3.1858125794317234,SE,55.94451442666773,-3.1856004473973676,1903.87451171875,2081.22119140625
55.94451442666773,-3.1856004473973676,E,55.94451442666773,-3.1853004473973674,1903.87451171875,2079.97119140625
55.94451442666773,-3.1853004473973674,NNE,55.94479159052749,-3.185185642367658,1903.87451171875,2078.72119140625
55.94479159052749,-3.185185642367658,ESE,55.94467678549778,-3.1849084785079045,1903.87451171875,2077.47119140625
55.94467678549778,-3.1849084785079045,ENE,55.94479159052749,-3.184631314648151,1903.87451171875,2076.22119140625
55.94479159052749,-3.184631314648151,SSE,55.94451442666773,-3.1845165096184416,1903.87451171875,2074.97119140625
55.94451442666773,-3.1845165096184416,SSE,55.944237262807974,-3.184401704588732,1903.87451171875,2073.72119140625
55.944237262807974,-3.184401704588732,S,55.94393726280797,-3.184401704588732,1903.87451171875,2072.47119140625
55.94393726280797,-3.184401704588732,SSW,55.943660098948214,-3.1845165096184416,1903.87451171875,2071.22119140625
55.943660098948214,-3.1845165096184416,NNW,55.94393726280797,-3.184631314648151,1903.87451171875,2069.97119140625
55.94393726280797,-3.184631314648151,E,55.94393726280797,-3.184331314648151,1903.87451171875,2068.72119140625
55.94393726280797,-3.184331314648151,NW,55.94414939484233,-3.1845434466825067,1903.87451171875,2067.47119140625
55.94414939484233,-3.1845434466825067,W,55.94414939484233,-3.184843446682507,1903.87451171875,2066.22119140625
55.94414939484233,-3.184843446682507,SE,55.94393726280797,-3.184631314648151,1903.87451171875,2064.97119140625
55.94393726280797,-3.184631314648151,SSW,55.943660098948214,-3.1847461196778606,1903.87451171875,2063.72119140625
55.943660098948214,-3.1847461196778606,WSW,55.943545293918504,-3.185023283537614,1903.87451171875,2062.47119140625
55.943545293918504,-3.185023283537614,ESE,55.943430488888794,-3.1847461196778606,1903.87451171875,2061.22119140625
55.943430488888794,-3.1847461196778606,NNW,55.94370765274855,-3.18486092470757,1903.87451171875,2059.97119140625
55.94370765274855,-3.18486092470757,W,55.94370765274855,-3.1851609247075703,1903.87451171875,2058.72119140625
55.94370765274855,-3.1851609247075703,WNW,55.94382245777826,-3.1854380885673237,1903.87451171875,2057.47119140625
55.94382245777826,-3.1854380885673237,SW,55.943610325743904,-3.1856502206016795,1903.87451171875,2056.22119140625
55.943610325743904,-3.1856502206016795,E,55.943610325743904,-3.1853502206016793,1903.87451171875,2054.97119140625
55.943610325743904,-3.1853502206016793,NNE,55.94388748960366,-3.1852354155719698,1903.87451171875,2053.72119140625
55.94388748960366,-3.1852354155719698,WNW,55.94400229463337,-3.185512579431723,1903.87451171875,2052.47119140625
55.94400229463337,-3.185512579431723,SSE,55.943725130773615,-3.1853977744020137,1903.87451171875,2051.22119140625
55.943725130773615,-3.1853977744020137,N,55.94402513077362,-3.1853977744020137,1903.87451171875,2049.97119140625
55.94402513077362,-3.1853977744020137,SSW,55.94374796691386,-3.185512579431723,1903.87451171875,2048.72119140625
55.94374796691386,-3.185512579431723,E,55.94374796691386,-3.185212579431723,1903.87451171875,2047.47119140625
55.94374796691386,-3.185212579431723,NNE,55.94402513077362,-3.1850977744020135,1903.87451171875,2046.22119140625
55.94402513077362,-3.1850977744020135,SW,55.94381299873926,-3.1853099064363692,1903.87451171875,2044.97119140625
55.94381299873926,-3.1853099064363692,NW,55.94402513077362,-3.185522038470725,1903.87451171875,2043.72119140625
55.94402513077362,-3.185522038470725,ENE,55.94413993580333,-3.1852448746109716,1903.87451171875,2042.47119140625
55.94413993580333,-3.1852448746109716,ESE,55.94402513077362,-3.184967710751218,1903.87451171875,2041.22119140625
55.94402513077362,-3.184967710751218,E,55.94402513077362,-3.184667710751218,1903.87451171875,2039.97119140625
55.94402513077362,-3.184667710751218,WNW,55.94413993580333,-3.1849448746109714,1903.87451171875,2038.72119140625
55.94413993580333,-3.1849448746109714,SSE,55.94386277194357,-3.184830069581262,1903.87451171875,2037.47119140625
55.94386277194357,-3.184830069581262,ESE,55.94374796691386,-3.1845529057215085,1903.87451171875,2036.22119140625
55.94374796691386,-3.1845529057215085,WNW,55.94386277194357,-3.184830069581262,1903.87451171875,2034.97119140625
55.94386277194357,-3.184830069581262,SSW,55.943585608083815,-3.1849448746109714,1903.87451171875,2033.72119140625
55.943585608083815,-3.1849448746109714,ESE,55.943470803054105,-3.184667710751218,1903.87451171875,2032.47119140625
55.943470803054105,-3.184667710751218,NW,55.94368293508846,-3.184879842785574,1903.87451171875,2031.22119140625
55.94368293508846,-3.184879842785574,W,55.94368293508846,-3.185179842785574,1903.87451171875,2029.97119140625
55.94368293508846,-3.185179842785574,ESE,55.94356813005875,-3.1849026789258206,1903.87451171875,2028.72119140625
55.94356813005875,-3.1849026789258206,SE,55.943355998024394,-3.184690546891465,1903.87451171875,2027.47119140625
55.943355998024394,-3.184690546891465,NNE,55.94363316188415,-3.1845757418617553,1903.87451171875,2026.22119140625
55.94363316188415,-3.1845757418617553,SSW,55.943355998024394,-3.184690546891465,1903.87451171875,2024.97119140625
55.943355998024394,-3.184690546891465,E,55.943355998024394,-3.1843905468914646,1903.87451171875,2023.72119140625
55.943355998024394,-3.1843905468914646,NW,55.94356813005875,-3.1846026789258204,1903.87451171875,2022.47119140625
55.94356813005875,-3.1846026789258204,SW,55.943355998024394,-3.184814810960176,1903.87451171875,2021.22119140625
55.943355998024394,-3.184814810960176,NNW,55.94363316188415,-3.1849296159898857,1903.87451171875,2019.97119140625
55.94363316188415,-3.1849296159898857,NE,55.94384529391851,-3.18471748395553,1903.87451171875,2018.72119140625
55.94384529391851,-3.18471748395553,SSE,55.94356813005875,-3.1846026789258204,1903.87451171875,2017.47119140625
55.94356813005875,-3.1846026789258204,S,55.94326813005875,-3.1846026789258204,1903.87451171875,2016.22119140625
55.94326813005875,-3.1846026789258204,ENE,55.94338293508846,-3.184325515066067,1903.87451171875,2014.97119140625
55.94338293508846,-3.184325515066067,WNW,55.94349774011817,-3.1846026789258204,1903.87451171875,2013.72119140625
55.94349774011817,-3.1846026789258204,SSW,55.94322057625841,-3.18471748395553,1903.87451171875,2012.47119140625
55.94322057625841,-3.18471748395553,SE,55.943008444224056,-3.184505351921174,1903.87451171875,2011.22119140625
55.943008444224056,-3.184505351921174,N,55.94330844422406,-3.184505351921174,1903.87451171875,2009.97119140625
55.94330844422406,-3.184505351921174,WSW,55.94319363919435,-3.1847825157809275,1903.87451171875,2008.72119140625
55.94319363919435,-3.1847825157809275,S,55.942893639194345,-3.1847825157809275,1903.87451171875,2007.47119140625
55.942893639194345,-3.1847825157809275,W,55.942893639194345,-3.1850825157809277,1903.87451171875,2006.22119140625
55.942893639194345,-3.1850825157809277,W,55.942893639194345,-3.185382515780928,1903.87451171875,2004.97119140625
55.942893639194345,-3.185382515780928,W,55.942893639194345,-3.185682515780928,1903.87451171875,2003.72119140625
55.942893639194345,-3.185682515780928,W,55.942893639194345,-3.1859825157809283,1903.87451171875,2002.47119140625
55.942893639194345,-3.1859825157809283,NE,55.9431057712287,-3.1857703837465725,1903.87451171875,2001.22119140625
55.9431057712287,-3.1857703837465725,W,55.9431057712287,-3.1860703837465727,1903.87451171875,1999.97119140625
55.9431057712287,-3.1860703837465727,NE,55.94331790326306,-3.185858251712217,1903.87451171875,1998.72119140625
55.94331790326306,-3.185858251712217,NW,55.943530035297414,-3.1860703837465727,1903.87451171875,1997.47119140625
55.943530035297414,-3.1860703837465727,SW,55.94331790326306,-3.1862825157809285,1903.87451171875,1996.22119140625
55.94331790326306,-3.1862825157809285,NNE,55.943595067122814,-3.186167710751219,1903.87451171875,1994.97119140625
55.943595067122814,-3.186167710751219,S,55.94329506712281,-3.186167710751219,1903.87451171875,1993.72119140625
55.94329506712281,-3.186167710751219,ESE,55.9431802620931,-3.1858905468914656,1903.87451171875,1992.47119140625
55.9431802620931,-3.1858905468914656,S,55.9428802620931,-3.1858905468914656,1903.87451171875,1991.22119140625
55.9428802620931,-3.1858905468914656,SE,55.94266813005874,-3.18567841485711,1903.87451171875,1989.97119140625
55.94266813005874,-3.18567841485711,NW,55.9428802620931,-3.1858905468914656,1903.87451171875,1988.72119140625
55.9428802620931,-3.1858905468914656,NNE,55.943157425952855,-3.185775741861756,1903.87451171875,1987.47119140625
55.943157425952855,-3.185775741861756,SSE,55.9428802620931,-3.1856609368320465,1903.87451171875,1986.22119140625
55.9428802620931,-3.1856609368320465,NNW,55.943157425952855,-3.185775741861756,1903.87451171875,1984.97119140625
55.943157425952855,-3.185775741861756,SSW,55.9428802620931,-3.1858905468914656,1903.87451171875,1983.72119140625
