55.944425,-3.188396,W,55.944425,-3.188696,0.0,248.75
55.944425,-3.188696,WNW,55.94453980502971,-3.1889731638597536,18.332263946533203,280.478759765625
55.94453980502971,-3.1889731638597536,NW,55.94475193706407,-3.1891852958941094,84.19917297363281,364.5919494628906
55.94475193706407,-3.1891852958941094,NW,55.944964069098425,-3.189397427928465,84.19917297363281,363.3419494628906
55.944964069098425,-3.189397427928465,WNW,55.945078874128136,-3.1896745917882185,207.17242431640625,449.7555236816406
55.945078874128136,-3.1896745917882185,SSW,55.94480171026838,-3.189789396817928,220.38394165039062,555.951416015625
55.94480171026838,-3.189789396817928,SSE,55.94452454640862,-3.1896745917882185,220.38394165039062,554.701416015625
55.94452454640862,-3.1896745917882185,SSE,55.944247382548866,-3.189559786758509,301.62139892578125,579.0133666992188
55.944247382548866,-3.189559786758509,SSW,55.94397021868911,-3.1896745917882185,301.62139892578125,577.7633666992188
55.94397021868911,-3.1896745917882185,SSW,55.94369305482935,-3.189789396817928,301.62139892578125,576.5133666992188
55.94369305482935,-3.189789396817928,SW,55.943480922795,-3.190001528852284,301.62139892578125,575.2633666992188
55.943480922795,-3.190001528852284,S,55.943180922794994,-3.190001528852284,305.0359191894531,600.4820556640625
55.943180922794994,-3.190001528852284,W,55.943180922794994,-3.190301528852284,415.6856689453125,654.9026489257812
55.943180922794994,-3.190301528852284,NNW,55.94345808665475,-3.1904163338819935,415.6856689453125,653.6526489257812
55.94345808665475,-3.1904163338819935,NW,55.94367021868911,-3.1906284659163493,479.1331481933594,746.6671142578125
55.94367021868911,-3.1906284659163493,NW,55.94388235072346,-3.190840597950705,491.8016052246094,791.1190795898438
55.94388235072346,-3.190840597950705,WSW,55.94376754569375,-3.1911177618104585,491.8016052246094,789.8690795898438
55.94376754569375,-3.1911177618104585,WSW,55.94365274066404,-3.191394925670212,491.8016052246094,788.6190795898438
55.94365274066404,-3.191394925670212,WSW,55.94353793563433,-3.1916720895299653,514.5907592773438,905.9713134765625
55.94353793563433,-3.1916720895299653,WSW,55.94342313060462,-3.1919492533897187,514.5907592773438,904.7213134765625
55.94342313060462,-3.1919492533897187,SW,55.943210998570265,-3.1921613854240745,571.31201171875,983.2780151367188
55.943210998570265,-3.1921613854240745,NNW,55.94348816243002,-3.192276190453784,571.9339599609375,1047.8355712890625
55.94348816243002,-3.192276190453784,N,55.943788162430025,-3.192276190453784,571.9339599609375,1046.5855712890625
55.943788162430025,-3.192276190453784,NNW,55.94406532628978,-3.1923909954834935,571.9339599609375,1045.3355712890625
55.94406532628978,-3.1923909954834935,ENE,55.94418013131949,-3.19211383162374,662.1746826171875,1088.0467529296875
55.94418013131949,-3.19211383162374,N,55.944480131319494,-3.19211383162374,662.1746826171875,1086.7967529296875
55.944480131319494,-3.19211383162374,N,55.9447801313195,-3.19211383162374,662.1746826171875,1085.5467529296875
55.9447801313195,-3.19211383162374,N,55.9450801313195,-3.19211383162374,662.1746826171875,1084.2967529296875
55.9450801313195,-3.19211383162374,N,55.9453801313195,-3.19211383162374,662.1746826171875,1083.0467529296875
55.9453801313195,-3.19211383162374,NNW,55.94565729517926,-3.1922286366534496,662.1746826171875,1081.7967529296875
55.94565729517926,-3.1922286366534496,NE,55.945869427213616,-3.192016504619094,662.1746826171875,1080.5467529296875
55.945869427213616,-3.192016504619094,NE,55.94608155924797,-3.191804372584738,779.948486328125,1091.9390869140625
55.94608155924797,-3.191804372584738,E,55.94608155924797,-3.191504372584738,779.948486328125,1090.6890869140625
55.94608155924797,-3.191504372584738,E,55.94608155924797,-3.1912043725847377,829.5105590820312,1178.06396484375
55.94608155924797,-3.1912043725847377,ENE,55.94619636427768,-3.1909272087249843,877.5493774414062,1275.221435546875
55.94619636427768,-3.1909272087249843,SSE,55.945919200417926,-3.1908124036952747,877.5493774414062,1273.971435546875
55.945919200417926,-3.1908124036952747,SE,55.94570706838357,-3.190600271660919,917.3876953125,1307.45751953125
55.94570706838357,-3.190600271660919,SE,55.94549493634921,-3.190388139626563,922.7828369140625,1425.485595703125
55.94549493634921,-3.190388139626563,N,55.945794936349216,-3.190388139626563,922.7828369140625,1424.235595703125
55.945794936349216,-3.190388139626563,NE,55.94600706838357,-3.1901760075922074,924.2940063476562,1445.259765625
55.94600706838357,-3.1901760075922074,E,55.94600706838357,-3.1898760075922072,924.2940063476562,1444.009765625
55.94600706838357,-3.1898760075922072,E,55.94600706838357,-3.189576007592207,924.2940063476562,1442.759765625
55.94600706838357,-3.189576007592207,E,55.94600706838357,-3.189276007592207,965.21728515625,1490.6121826171875
55.94600706838357,-3.189276007592207,ESE,55.94589226335386,-3.1889988437324535,965.21728515625,1489.3621826171875
55.94589226335386,-3.1889988437324535,ESE,55.94577745832415,-3.1887216798727,965.21728515625,1488.1121826171875
55.94577745832415,-3.1887216798727,ESE,55.94566265329444,-3.1884445160129467,965.21728515625,1486.8621826171875
55.94566265329444,-3.1884445160129467,SE,55.945450521260085,-3.188232383978591,965.21728515625,1485.6121826171875
55.945450521260085,-3.188232383978591,SE,55.94523838922573,-3.188020251944235,1060.48291015625,1495.181884765625
55.94523838922573,-3.188020251944235,SSE,55.94496122536597,-3.1879054469145256,1060.48291015625,1493.931884765625
55.94496122536597,-3.1879054469145256,S,55.94466122536597,-3.1879054469145256,1060.48291015625,1492.681884765625
55.94466122536597,-3.1879054469145256,S,55.94436122536597,-3.1879054469145256,1133.751708984375,1513.6473388671875
55.94436122536597,-3.1879054469145256,NE,55.94457335740032,-3.18769331488017,1133.751708984375,1512.3973388671875
55.94457335740032,-3.18769331488017,NNE,55.94485052126008,-3.1875785098504603,1133.751708984375,1511.1473388671875
55.94485052126008,-3.1875785098504603,NE,55.945062653294436,-3.1873663778161045,1133.751708984375,1509.8973388671875
55.945062653294436,-3.1873663778161045,NNE,55.94533981715419,-3.187251572786395,1165.2188720703125,1550.2762451171875
55.94533981715419,-3.187251572786395,ESE,55.94522501212448,-3.1869744089266416,1165.2188720703125,1549.0262451171875
55.94522501212448,-3.1869744089266416,SE,55.945012880090125,-3.186762276892286,1165.2188720703125,1547.7762451171875
55.945012880090125,-3.186762276892286,ESE,55.944898075060415,-3.1864851130325325,1165.2188720703125,1546.5262451171875
55.944898075060415,-3.1864851130325325,SE,55.94468594302606,-3.1862729809981767,1175.156494140625,1576.5877685546875
55.94468594302606,-3.1862729809981767,SSW,55.9444087791663,-3.186387786027886,1175.156494140625,1575.3377685546875
55.9444087791663,-3.186387786027886,S,55.9441087791663,-3.186387786027886,1193.240478515625,1609.319091796875
55.9441087791663,-3.186387786027886,SSW,55.94383161530654,-3.1865025910575957,1193.240478515625,1608.069091796875
55.94383161530654,-3.1865025910575957,SW,55.94361948327219,-3.1867147230919515,1193.240478515625,1606.819091796875
55.94361948327219,-3.1867147230919515,SSW,55.94334231941243,-3.186829528121661,1245.9642333984375,1674.6820068359375
55.94334231941243,-3.186829528121661,SSE,55.943065155552674,-3.1867147230919515,1245.9642333984375,1673.4320068359375
55.943065155552674,-3.1867147230919515,SE,55.94285302351832,-3.1865025910575957,1267.7799072265625,1714.1383056640625
55.94285302351832,-3.1865025910575957,NE,55.943065155552674,-3.18629045902324,1267.7799072265625,1712.8883056640625
55.943065155552674,-3.18629045902324,NE,55.94327728758703,-3.186078326988884,1267.7799072265625,1711.6383056640625
55.94327728758703,-3.186078326988884,NE,55.943489419621386,-3.1858661949545284,1325.983642578125,1772.32080078125
55.943489419621386,-3.1858661949545284,ENE,55.9436042246511,-3.185589031094775,1325.983642578125,1771.07080078125
55.9436042246511,-3.185589031094775,ENE,55.94371902968081,-3.1853118672350216,1325.983642578125,1769.82080078125
55.94371902968081,-3.1853118672350216,ENE,55.94383383471052,-3.185034703375268,1325.983642578125,1768.57080078125
55.94383383471052,-3.185034703375268,ENE,55.94394863974023,-3.1847575395155148,1416.2744140625,1888.327880859375
55.94394863974023,-3.1847575395155148,NNW,55.944225803599984,-3.1848723445452243,1416.2744140625,1887.077880859375
55.944225803599984,-3.1848723445452243,NNW,55.94450296745974,-3.184987149574934,1416.2744140625,1885.827880859375
55.94450296745974,-3.184987149574934,NNW,55.9447801313195,-3.1851019546046433,1501.854736328125,1940.080810546875
55.9447801313195,-3.1851019546046433,N,55.9450801313195,-3.1851019546046433,1501.854736328125,1938.830810546875
55.9450801313195,-3.1851019546046433,N,55.9453801313195,-3.1851019546046433,1520.008544921875,2031.470458984375
55.9453801313195,-3.1851019546046433,ESE,55.94526532628979,-3.18482479074489,1520.008544921875,2030.220458984375
55.94526532628979,-3.18482479074489,E,55.94526532628979,-3.1845247907448897,1534.49951171875,2049.224609375
55.94526532628979,-3.1845247907448897,NNW,55.94554249014955,-3.184639595774599,1534.49951171875,2047.974609375
55.94554249014955,-3.184639595774599,NNW,55.945819654009306,-3.1847544008043087,1655.9013671875,2069.25927734375
55.945819654009306,-3.1847544008043087,WNW,55.945934459039016,-3.185031564664062,1714.480224609375,2098.113525390625
55.945934459039016,-3.185031564664062,NW,55.94614659107337,-3.185243696698418,1815.7861328125,2128.52978515625
55.94614659107337,-3.185243696698418,WSW,55.94603178604366,-3.1855208605581713,1815.7861328125,2127.27978515625
55.94603178604366,-3.1855208605581713,S,55.94573178604366,-3.1855208605581713,1815.7861328125,2126.02978515625
55.94573178604366,-3.1855208605581713,SE,55.9455196540093,-3.1853087285238155,1815.7861328125,2124.77978515625
55.9455196540093,-3.1853087285238155,NNW,55.94579681786906,-3.185423533553525,1815.7861328125,2123.52978515625
55.94579681786906,-3.185423533553525,N,55.94609681786906,-3.185423533553525,1815.7861328125,2122.27978515625
55.94609681786906,-3.185423533553525,WNW,55.94621162289877,-3.1857006974132784,1815.7861328125,2121.02978515625
55.94621162289877,-3.1857006974132784,WSW,55.94609681786906,-3.185977861273032,1815.7861328125,2119.77978515625
55.94609681786906,-3.185977861273032,ESE,55.94598201283935,-3.1857006974132784,1815.7861328125,2118.52978515625
55.94598201283935,-3.1857006974132784,WSW,55.94586720780964,-3.185977861273032,1815.7861328125,2117.27978515625
55.94586720780964,-3.185977861273032,NE,55.946079339844,-3.185765729238676,1815.7861328125,2116.02978515625
55.946079339844,-3.185765729238676,SSW,55.94580217598424,-3.1858805342683856,1815.7861328125,2114.77978515625
55.94580217598424,-3.1858805342683856,E,55.94580217598424,-3.1855805342683854,1815.7861328125,2113.52978515625
55.94580217598424,-3.1855805342683854,NNE,55.946079339844,-3.185465729238676,1815.7861328125,2112.27978515625
55.946079339844,-3.185465729238676,WNW,55.94619414487371,-3.1857428930984293,1815.7861328125,2111.02978515625
55.94619414487371,-3.1857428930984293,SSW,55.94591698101395,-3.185857698128139,1815.7861328125,2109.77978515625
55.94591698101395,-3.185857698128139,WNW,55.94603178604366,-3.186134861987892,1815.7861328125,2108.52978515625
55.94603178604366,-3.186134861987892,SW,55.945819654009306,-3.186346994022248,1815.7861328125,2107.27978515625
55.945819654009306,-3.186346994022248,ESE,55.945704848979595,-3.1860698301624946,1815.7861328125,2106.02978515625
55.945704848979595,-3.1860698301624946,N,55.9460048489796,-3.1860698301624946,1815.7861328125,2104.77978515625
55.9460048489796,-3.1860698301624946,SSE,55.94572768511984,-3.185955025132785,1815.7861328125,2103.52978515625
55.94572768511984,-3.185955025132785,ENE,55.94584249014955,-3.1856778612730317,1815.7861328125,2102.27978515625
55.94584249014955,-3.1856778612730317,NNE,55.94611965400931,-3.185563056243322,1815.7861328125,2101.02978515625
55.94611965400931,-3.185563056243322,SW,55.94590752197495,-3.185775188277678,1815.7861328125,2099.77978515625
55.94590752197495,-3.185775188277678,WNW,55.94602232700466,-3.1860523521374313,1815.7861328125,2098.52978515625
55.94602232700466,-3.1860523521374313,ENE,55.94613713203437,-3.185775188277678,1815.7861328125,2097.27978515625
55.94613713203437,-3.185775188277678,W,55.94613713203437,-3.186075188277678,1815.7861328125,2096.02978515625
55.94613713203437,-3.186075188277678,SSE,55.94585996817462,-3.1859603832479686,1815.7861328125,2094.77978515625
55.94585996817462,-3.1859603832479686,W,55.94585996817462,-3.186260383247969,1815.7861328125,2093.52978515625
55.94585996817462,-3.186260383247969,ENE,55.94597477320433,-3.1859832193882154,1815.7861328125,2092.27978515625
55.94597477320433,-3.1859832193882154,S,55.945674773204324,-3.1859832193882154,1815.7861328125,2091.02978515625
55.945674773204324,-3.1859832193882154,S,55.94537477320432,-3.1859832193882154,1815.7861328125,2089.77978515625
55.94537477320432,-3.1859832193882154,N,55.945674773204324,-3.1859832193882154,1815.7861328125,2088.52978515625
55.945674773204324,-3.1859832193882154,S,55.94537477320432,-3.1859832193882154,1815.7861328125,2087.27978515625
55.94537477320432,-3.1859832193882154,NW,55.94558690523868,-3.186195351422571,1815.7861328125,2086.02978515625
55.94558690523868,-3.186195351422571,S,55.945286905238675,-3.186195351422571,1815.7861328125,2084.77978515625
55.945286905238675,-3.186195351422571,WSW,55.945172100208964,-3.1864725152823246,1815.7861328125,2083.52978515625
55.945172100208964,-3.1864725152823246,SSE,55.94489493634921,-3.186357710252615,1815.7861328125,2082.27978515625
55.94489493634921,-3.186357710252615,SSE,55.94461777248945,-3.1862429052229055,1815.7861328125,2081.02978515625
55.94461777248945,-3.1862429052229055,SSW,55.944340608629695,-3.186357710252615,1815.7861328125,2079.77978515625
55.944340608629695,-3.186357710252615,ESE,55.944225803599984,-3.1860805463928616,1815.7861328125,2078.52978515625
55.944225803599984,-3.1860805463928616,W,55.944225803599984,-3.186380546392862,1815.7861328125,2077.27978515625
55.944225803599984,-3.186380546392862,N,55.94452580359999,-3.186380546392862,1815.7861328125,2076.02978515625
55.94452580359999,-3.186380546392862,W,55.94452580359999,-3.186680546392862,1815.7861328125,2074.77978515625
55.94452580359999,-3.186680546392862,SSE,55.94424863974023,-3.1865657413631525,1815.7861328125,2073.52978515625
55.94424863974023,-3.1865657413631525,NE,55.94446077177459,-3.1863536093287967,1815.7861328125,2072.27978515625
55.94446077177459,-3.1863536093287967,N,55.94476077177459,-3.1863536093287967,1815.7861328125,2071.02978515625
55.94476077177459,-3.1863536093287967,S,55.94446077177459,-3.1863536093287967,1815.7861328125,2069.77978515625
55.94446077177459,-3.1863536093287967,NNW,55.94473793563434,-3.1864684143585063,1815.7861328125,2068.52978515625
55.94473793563434,-3.1864684143585063,SE,55.94452580359999,-3.1862562823241505,1815.7861328125,2067.27978515625
55.94452580359999,-3.1862562823241505,N,55.94482580359999,-3.1862562823241505,1815.7861328125,2066.02978515625
55.94482580359999,-3.1862562823241505,S,55.94452580359999,-3.1862562823241505,1815.7861328125,2064.77978515625
55.94452580359999,-3.1862562823241505,WNW,55.9446406086297,-3.186533446183904,1815.7861328125,2063.52978515625
55.9446406086297,-3.186533446183904,W,55.9446406086297,-3.186833446183904,1815.7861328125,2062.27978515625
55.9446406086297,-3.186833446183904,SE,55.94442847659534,-3.1866213141495483,1815.7861328125,2061.02978515625
55.94442847659534,-3.1866213141495483,ENE,55.94454328162505,-3.186344150289795,1815.7861328125,2059.77978515625
55.94454328162505,-3.186344150289795,NW,55.94475541365941,-3.1865562823241507,1815.7861328125,2058.52978515625
55.94475541365941,-3.1865562823241507,E,55.94475541365941,-3.1862562823241505,1815.7861328125,2057.27978515625
55.94475541365941,-3.1862562823241505,NE,55.944967545693764,-3.1860441502897947,1815.7861328125,2056.02978515625
55.944967545693764,-3.1860441502897947,E,55.944967545693764,-3.1857441502897945,1815.7861328125,2054.77978515625
55.944967545693764,-3.1857441502897945,SE,55.94475541365941,-3.1855320182554387,1815.7861328125,2053.52978515625
55.94475541365941,-3.1855320182554387,SE,55.94454328162505,-3.185319886221083,1815.7861328125,2052.27978515625
55.94454328162505,-3.185319886221083,NNE,55.94482044548481,-3.1852050811913735,1815.7861328125,2051.02978515625
55.94482044548481,-3.1852050811913735,S,55.944520445484805,-3.1852050811913735,1815.7861328125,2049.77978515625
55.944520445484805,-3.1852050811913735,NE,55.94473257751916,-3.1849929491570177,1815.7861328125,2048.52978515625
55.94473257751916,-3.1849929491570177,E,55.94473257751916,-3.1846929491570175,1815.7861328125,2047.27978515625
55.94473257751916,-3.1846929491570175,W,55.94473257751916,-3.1849929491570177,1815.7861328125,2046.02978515625
55.94473257751916,-3.1849929491570177,E,55.94473257751916,-3.1846929491570175,1815.7861328125,2044.77978515625
55.94473257751916,-3.1846929491570175,ESE,55.94461777248945,-3.184415785297264,1815.7861328125,2043.52978515625
55.94461777248945,-3.184415785297264,N,55.944917772489454,-3.184415785297264,1815.7861328125,2042.27978515625
55.944917772489454,-3.184415785297264,WNW,55.945032577519164,-3.1846929491570175,1815.7861328125,2041.02978515625
55.945032577519164,-3.1846929491570175,SSW,55.94475541365941,-3.184807754186727,1815.7861328125,2039.77978515625
55.94475541365941,-3.184807754186727,NNE,55.945032577519164,-3.1846929491570175,1815.7861328125,2038.52978515625
55.945032577519164,-3.1846929491570175,NNW,55.94530974137892,-3.184807754186727,1815.7861328125,2037.27978515625
55.94530974137892,-3.184807754186727,NNW,55.94558690523868,-3.1849225592164365,1815.7861328125,2036.02978515625
55.94558690523868,-3.1849225592164365,SW,55.94537477320432,-3.1851346912507923,1815.7861328125,2034.77978515625
55.94537477320432,-3.1851346912507923,NNW,55.94565193706408,-3.185249496280502,1815.7861328125,2033.52978515625
55.94565193706408,-3.185249496280502,WNW,55.94576674209379,-3.185526660140255,1815.7861328125,2032.27978515625
55.94576674209379,-3.185526660140255,WNW,55.9458815471235,-3.1858038240000086,1815.7861328125,2031.02978515625
55.9458815471235,-3.1858038240000086,NNE,55.946158710983255,-3.185689018970299,1815.7861328125,2029.77978515625
55.946158710983255,-3.185689018970299,E,55.946158710983255,-3.185389018970299,1815.7861328125,2028.52978515625
55.946158710983255,-3.185389018970299,SW,55.9459465789489,-3.1856011510046547,1815.7861328125,2027.27978515625
55.9459465789489,-3.1856011510046547,WSW,55.94583177391919,-3.185878314864408,1815.7861328125,2026.02978515625
55.94583177391919,-3.185878314864408,NNE,55.946108937778945,-3.1857635098346986,1815.7861328125,2024.77978515625
55.946108937778945,-3.1857635098346986,S,55.94580893777894,-3.1857635098346986,1815.7861328125,2023.52978515625
55.94580893777894,-3.1857635098346986,SW,55.945596805744586,-3.1859756418690544,1815.7861328125,2022.27978515625
55.945596805744586,-3.1859756418690544,NE,55.94580893777894,-3.1857635098346986,1815.7861328125,2021.02978515625
55.94580893777894,-3.1857635098346986,NNW,55.9460861016387,-3.185878314864408,1815.7861328125,2019.77978515625
55.9460861016387,-3.185878314864408,ESE,55.94597129660899,-3.1856011510046547,1815.7861328125,2018.52978515625
55.94597129660899,-3.1856011510046547,WSW,55.94585649157928,-3.185878314864408,1815.7861328125,2017.27978515625
55.94585649157928,-3.185878314864408,W,55.94585649157928,-3.1861783148644083,1815.7861328125,2016.02978515625
55.94585649157928,-3.1861783148644083,WSW,55.94574168654957,-3.1864554787241617,1815.7861328125,2014.77978515625
55.94574168654957,-3.1864554787241617,SE,55.94552955451521,-3.186243346689806,1815.7861328125,2013.52978515625
55.94552955451521,-3.186243346689806,SW,55.945317422480855,-3.1864554787241617,1815.7861328125,2012.27978515625
55.945317422480855,-3.1864554787241617,E,55.945317422480855,-3.1861554787241615,1815.7861328125,2011.02978515625
55.945317422480855,-3.1861554787241615,WNW,55.945432227510565,-3.186432642583915,1815.7861328125,2009.77978515625
55.945432227510565,-3.186432642583915,NNW,55.94570939137032,-3.1865474476136244,1815.7861328125,2008.52978515625
55.94570939137032,-3.1865474476136244,SE,55.945497259335966,-3.1863353155792686,1815.7861328125,2007.27978515625
55.945497259335966,-3.1863353155792686,SSW,55.94522009547621,-3.186450120608978,1815.7861328125,2006.02978515625
55.94522009547621,-3.186450120608978,WSW,55.9451052904465,-3.1867272844687315,1815.7861328125,2004.77978515625
55.9451052904465,-3.1867272844687315,E,55.9451052904465,-3.1864272844687314,1815.7861328125,2003.52978515625
55.9451052904465,-3.1864272844687314,WSW,55.94499048541679,-3.1867044483284848,1815.7861328125,2002.27978515625
55.94499048541679,-3.1867044483284848,S,55.944690485416785,-3.1867044483284848,1815.7861328125,2001.02978515625
55.944690485416785,-3.1867044483284848,NW,55.94490261745114,-3.1869165803628405,1815.7861328125,1999.77978515625
55.94490261745114,-3.1869165803628405,SW,55.944690485416785,-3.1871287123971963,1815.7861328125,1998.52978515625
55.944690485416785,-3.1871287123971963,E,55.944690485416785,-3.186828712397196,1815.7861328125,1997.27978515625
55.944690485416785,-3.186828712397196,SSW,55.94441332155703,-3.1869435174269056,1815.7861328125,1996.02978515625
55.94441332155703,-3.1869435174269056,NNW,55.944690485416785,-3.187058322456615,1815.7861328125,1994.77978515625
55.944690485416785,-3.187058322456615,SSE,55.94441332155703,-3.1869435174269056,1815.7861328125,1993.52978515625
55.94441332155703,-3.1869435174269056,W,55.94441332155703,-3.187243517426906,1815.7861328125,1992.27978515625
55.94441332155703,-3.187243517426906,W,55.94441332155703,-3.187543517426906,1815.7861328125,1991.02978515625
55.94441332155703,-3.187543517426906,SW,55.94420118952267,-3.1877556494612618,1815.7861328125,1989.77978515625
55.94420118952267,-3.1877556494612618,W,55.94420118952267,-3.188055649461262,1815.7861328125,1988.52978515625
55.94420118952267,-3.188055649461262,SW,55.94398905748832,-3.1882677814956177,1815.7861328125,1987.27978515625
55.94398905748832,-3.1882677814956177,SW,55.94377692545396,-3.1884799135299735,1815.7861328125,1986.02978515625
55.94377692545396,-3.1884799135299735,ENE,55.94389173048367,-3.18820274967022,1815.7861328125,1984.77978515625
55.94389173048367,-3.18820274967022,ESE,55.94377692545396,-3.1879255858104667,1815.7861328125,1983.52978515625
55.94377692545396,-3.1879255858104667,E,55.94377692545396,-3.1876255858104665,1815.7861328125,1982.27978515625
55.94377692545396,-3.1876255858104665,SSW,55.943499761594204,-3.187740390840176,1815.7861328125,1981.02978515625
55.943499761594204,-3.187740390840176,SSE,55.94322259773445,-3.1876255858104665,1815.7861328125,1979.77978515625
55.94322259773445,-3.1876255858104665,ESE,55.94310779270474,-3.187348421950713,1815.7861328125,1978.52978515625
55.94310779270474,-3.187348421950713,W,55.94310779270474,-3.1876484219507133,1815.7861328125,1977.27978515625
55.94310779270474,-3.1876484219507133,SSW,55.94283062884498,-3.187763226980423,1815.7861328125,1976.02978515625
55.94283062884498,-3.187763226980423,ENE,55.94294543387469,-3.1874860631206694,1815.7861328125,1974.77978515625
55.94294543387469,-3.1874860631206694,NW,55.94315756590905,-3.187698195155025,1815.7861328125,1973.52978515625
55.94315756590905,-3.187698195155025,N,55.94345756590905,-3.187698195155025,1815.7861328125,1972.27978515625
55.94345756590905,-3.187698195155025,NW,55.943669697943406,-3.187910327189381,1815.7861328125,1971.02978515625
55.943669697943406,-3.187910327189381,NW,55.94388182997776,-3.1881224592237367,1815.7861328125,1969.77978515625
55.94388182997776,-3.1881224592237367,SSW,55.943604666118006,-3.1882372642534462,1815.7861328125,1968.52978515625
55.943604666118006,-3.1882372642534462,SE,55.94339253408365,-3.1880251322190905,1815.7861328125,1967.27978515625
55.94339253408365,-3.1880251322190905,SSE,55.94311537022389,-3.187910327189381,1815.7861328125,1966.02978515625
55.94311537022389,-3.187910327189381,SSE,55.94283820636414,-3.1877955221596714,1815.7861328125,1964.77978515625
55.94283820636414,-3.1877955221596714,WNW,55.94295301139385,-3.188072686019425,1815.7861328125,1963.52978515625
55.94295301139385,-3.188072686019425,W,55.94295301139385,-3.188372686019425,1815.7861328125,1962.27978515625
55.94295301139385,-3.188372686019425,SE,55.94274087935949,-3.1881605539850693,1815.7861328125,1961.02978515625
55.94274087935949,-3.1881605539850693,W,55.94274087935949,-3.1884605539850694,1815.7861328125,1959.77978515625
55.94274087935949,-3.1884605539850694,ENE,55.9428556843892,-3.188183390125316,1815.7861328125,1958.52978515625
55.9428556843892,-3.188183390125316,E,55.9428556843892,-3.187883390125316,1815.7861328125,1957.27978515625
55.9428556843892,-3.187883390125316,NW,55.94306781642356,-3.1880955221596716,1815.7861328125,1956.02978515625
55.94306781642356,-3.1880955221596716,NE,55.94327994845791,-3.187883390125316,1815.7861328125,1954.77978515625
55.94327994845791,-3.187883390125316,SE,55.94306781642356,-3.18767125809096,1815.7861328125,1953.52978515625
55.94306781642356,-3.18767125809096,SE,55.9428556843892,-3.1874591260566043,1815.7861328125,1952.27978515625
55.9428556843892,-3.1874591260566043,NNE,55.94313284824896,-3.187344321026895,1815.7861328125,1951.02978515625
55.94313284824896,-3.187344321026895,W,55.94313284824896,-3.187644321026895,1815.7861328125,1949.77978515625
55.94313284824896,-3.187644321026895,NNW,55.943410012108714,-3.1877591260566045,1815.7861328125,1948.52978515625
55.943410012108714,-3.1877591260566045,S,55.94311001210871,-3.1877591260566045,1815.7861328125,1947.27978515625
55.94311001210871,-3.1877591260566045,ESE,55.942995207079,-3.187481962196851,1815.7861328125,1946.02978515625
55.942995207079,-3.187481962196851,S,55.942695207079,-3.187481962196851,1815.7861328125,1944.77978515625
55.942695207079,-3.187481962196851,WNW,55.94281001210871,-3.1877591260566045,1815.7861328125,1943.52978515625
55.94281001210871,-3.1877591260566045,WNW,55.94292481713842,-3.188036289916358,1815.7861328125,1942.27978515625
55.94292481713842,-3.188036289916358,NE,55.943136949172775,-3.187824157882002,1815.7861328125,1941.02978515625
55.943136949172775,-3.187824157882002,NW,55.94334908120713,-3.188036289916358,1815.7861328125,1939.77978515625
55.94334908120713,-3.188036289916358,SSE,55.943071917347375,-3.1879214848866484,1815.7861328125,1938.52978515625
55.943071917347375,-3.1879214848866484,WSW,55.942957112317664,-3.188198648746402,1815.7861328125,1937.27978515625
55.942957112317664,-3.188198648746402,WSW,55.942842307287954,-3.188475812606155,1815.7861328125,1936.02978515625
55.942842307287954,-3.188475812606155,ENE,55.942957112317664,-3.188198648746402,1815.7861328125,1934.77978515625
55.942957112317664,-3.188198648746402,S,55.94265711231766,-3.188198648746402,1815.7861328125,1933.52978515625
55.94265711231766,-3.188198648746402,N,55.942957112317664,-3.188198648746402,1815.7861328125,1932.27978515625
55.942957112317664,-3.188198648746402,WSW,55.942842307287954,-3.188475812606155,1815.7861328125,1931.02978515625
55.942842307287954,-3.188475812606155,ESE,55.94272750225824,-3.188198648746402,1815.7861328125,1929.77978515625
55.94272750225824,-3.188198648746402,ENE,55.942842307287954,-3.1879214848866484,1815.7861328125,1928.52978515625
55.942842307287954,-3.1879214848866484,NNW,55.94311947114771,-3.188036289916358,1815.7861328125,1927.27978515625
55.94311947114771,-3.188036289916358,N,55.94341947114771,-3.188036289916358,1815.7861328125,1926.02978515625
55.94341947114771,-3.188036289916358,SSE,55.94314230728796,-3.1879214848866484,1815.7861328125,1924.77978515625
55.94314230728796,-3.1879214848866484,SSE,55.9428651434282,-3.187806679856939,1815.7861328125,1923.52978515625
55.9428651434282,-3.187806679856939,ESE,55.94275033839849,-3.1875295159971855,1815.7861328125,1922.27978515625
55.94275033839849,-3.1875295159971855,NE,55.942962470432846,-3.1873173839628297,1815.7861328125,1921.02978515625
