55.944425,-3.188396,N,55.944725000000005,-3.188396,68.65530395507812,332.67578125
55.944725000000005,-3.188396,NNW,55.94500216385976,-3.1885108050297095,68.65530395507812,331.42578125
55.94500216385976,-3.1885108050297095,WNW,55.94511696888947,-3.188787968889463,150.82162475585938,373.1109619140625
55.94511696888947,-3.188787968889463,SE,55.944904836855116,-3.188575836855107,150.82162475585938,371.8609619140625
55.944904836855116,-3.188575836855107,NW,55.94511696888947,-3.188787968889463,150.82162475585938,370.6109619140625
55.94511696888947,-3.188787968889463,WNW,55.94523177391918,-3.1890651327492163,150.82162475585938,369.3609619140625
55.94523177391918,-3.1890651327492163,S,55.94493177391918,-3.1890651327492163,150.82162475585938,368.1109619140625
55.94493177391918,-3.1890651327492163,NE,55.945143905953536,-3.1888530007148606,150.82162475585938,366.8609619140625
55.945143905953536,-3.1888530007148606,S,55.94484390595353,-3.1888530007148606,150.82162475585938,365.6109619140625
55.94484390595353,-3.1888530007148606,NNE,55.94512106981329,-3.188738195685151,150.82162475585938,364.3609619140625
55.94512106981329,-3.188738195685151,WSW,55.94500626478358,-3.1890153595449044,150.82162475585938,363.1109619140625
55.94500626478358,-3.1890153595449044,NE,55.945218396817936,-3.1888032275105487,150.82162475585938,361.8609619140625
55.945218396817936,-3.1888032275105487,SSW,55.94494123295818,-3.188918032540258,150.82162475585938,360.6109619140625
55.94494123295818,-3.188918032540258,ENE,55.94505603798789,-3.188640868680505,150.82162475585938,359.3609619140625
55.94505603798789,-3.188640868680505,ESE,55.94494123295818,-3.1883637048207514,150.82162475585938,358.1109619140625
55.94494123295818,-3.1883637048207514,WNW,55.94505603798789,-3.188640868680505,150.82162475585938,356.8609619140625
55.94505603798789,-3.188640868680505,NNW,55.945333201847646,-3.1887556737102143,150.82162475585938,355.6109619140625
55.945333201847646,-3.1887556737102143,SSW,55.94505603798789,-3.188870478739924,150.82162475585938,354.3609619140625
55.94505603798789,-3.188870478739924,N,55.94535603798789,-3.188870478739924,150.82162475585938,353.1109619140625
55.94535603798789,-3.188870478739924,SSE,55.945078874128136,-3.1887556737102143,150.82162475585938,351.8609619140625
55.945078874128136,-3.1887556737102143,NNE,55.94535603798789,-3.188640868680505,150.82162475585938,350.6109619140625
55.94535603798789,-3.188640868680505,WSW,55.94524123295818,-3.188918032540258,150.82162475585938,349.3609619140625
55.94524123295818,-3.188918032540258,SSW,55.944964069098425,-3.1890328375699677,150.82162475585938,348.1109619140625
55.944964069098425,-3.1890328375699677,S,55.94466406909842,-3.1890328375699677,150.82162475585938,346.8609619140625
55.94466406909842,-3.1890328375699677,N,55.944964069098425,-3.1890328375699677,150.82162475585938,345.6109619140625
55.944964069098425,-3.1890328375699677,WNW,55.945078874128136,-3.189310001429721,150.82162475585938,344.3609619140625
55.945078874128136,-3.189310001429721,NE,55.94529100616249,-3.1890978693953653,150.82162475585938,343.1109619140625
55.94529100616249,-3.1890978693953653,ESE,55.94517620113278,-3.188820705535612,150.82162475585938,341.8609619140625
55.94517620113278,-3.188820705535612,S,55.94487620113278,-3.188820705535612,150.82162475585938,340.6109619140625
55.94487620113278,-3.188820705535612,W,55.94487620113278,-3.189120705535612,150.82162475585938,339.3609619140625
55.94487620113278,-3.189120705535612,WNW,55.94499100616249,-3.1893978693953655,150.82162475585938,338.1109619140625
55.94499100616249,-3.1893978693953655,E,55.94499100616249,-3.1890978693953653,150.82162475585938,336.8609619140625
55.94499100616249,-3.1890978693953653,W,55.94499100616249,-3.1893978693953655,150.82162475585938,335.6109619140625
55.94499100616249,-3.1893978693953655,NE,55.945203138196845,-3.1891857373610097,150.82162475585938,334.3609619140625
55.945203138196845,-3.1891857373610097,SSE,55.94492597433709,-3.1890709323313002,150.82162475585938,333.1109619140625
55.94492597433709,-3.1890709323313002,SE,55.94471384230273,-3.1888588002969445,150.82162475585938,331.8609619140625
55.94471384230273,-3.1888588002969445,SE,55.944501710268376,-3.1886466682625887,150.82162475585938,330.6109619140625
55.944501710268376,-3.1886466682625887,E,55.944501710268376,-3.1883466682625885,150.82162475585938,329.3609619140625
55.944501710268376,-3.1883466682625885,SSE,55.94422454640862,-3.188231863232879,150.82162475585938,328.1109619140625
55.94422454640862,-3.188231863232879,NNE,55.944501710268376,-3.1881170582031695,150.82162475585938,326.8609619140625
55.944501710268376,-3.1881170582031695,N,55.94480171026838,-3.1881170582031695,150.82162475585938,325.6109619140625
55.94480171026838,-3.1881170582031695,NNE,55.945078874128136,-3.18800225317346,150.82162475585938,324.3609619140625
55.945078874128136,-3.18800225317346,NNW,55.94535603798789,-3.1881170582031695,150.82162475585938,323.1109619140625
55.94535603798789,-3.1881170582031695,ENE,55.9454708430176,-3.187839894343416,150.82162475585938,321.8609619140625
55.9454708430176,-3.187839894343416,W,55.9454708430176,-3.1881398943434163,150.82162475585938,320.6109619140625
55.9454708430176,-3.1881398943434163,NNE,55.94574800687736,-3.1880250893137068,150.82162475585938,319.3609619140625
55.94574800687736,-3.1880250893137068,NE,55.945960138911715,-3.187812957279351,150.82162475585938,318.1109619140625
55.945960138911715,-3.187812957279351,NE,55.94617227094607,-3.187600825244995,150.82162475585938,316.8609619140625
55.94617227094607,-3.187600825244995,SW,55.945960138911715,-3.187812957279351,150.82162475585938,315.6109619140625
55.945960138911715,-3.187812957279351,SE,55.94574800687736,-3.187600825244995,150.82162475585938,314.3609619140625
55.94574800687736,-3.187600825244995,NW,55.945960138911715,-3.187812957279351,150.82162475585938,313.1109619140625
55.945960138911715,-3.187812957279351,SSW,55.94568297505196,-3.1879277623090605,150.82162475585938,311.8609619140625
55.94568297505196,-3.1879277623090605,S,55.945382975051956,-3.1879277623090605,150.82162475585938,310.6109619140625
55.945382975051956,-3.1879277623090605,NNW,55.94566013891171,-3.18804256733877,150.82162475585938,309.3609619140625
55.94566013891171,-3.18804256733877,W,55.94566013891171,-3.18834256733877,150.82162475585938,308.1109619140625
55.94566013891171,-3.18834256733877,ENE,55.94577494394142,-3.188065403479017,150.82162475585938,306.8609619140625
55.94577494394142,-3.188065403479017,ENE,55.94588974897113,-3.1877882396192634,150.82162475585938,305.6109619140625
55.94588974897113,-3.1877882396192634,NW,55.94610188100549,-3.188000371653619,150.82162475585938,304.3609619140625
55.94610188100549,-3.188000371653619,SW,55.94588974897113,-3.188212503687975,150.82162475585938,303.1109619140625
55.94588974897113,-3.188212503687975,NE,55.94610188100549,-3.188000371653619,150.82162475585938,301.8609619140625
55.94610188100549,-3.188000371653619,ESE,55.94598707597578,-3.1877232077938658,150.82162475585938,300.6109619140625
55.94598707597578,-3.1877232077938658,SW,55.94577494394142,-3.1879353398282215,150.82162475585938,299.3609619140625
55.94577494394142,-3.1879353398282215,SE,55.94556281190707,-3.1877232077938658,150.82162475585938,298.1109619140625
55.94556281190707,-3.1877232077938658,NNE,55.94583997576682,-3.1876084027641562,150.82162475585938,296.8609619140625
55.94583997576682,-3.1876084027641562,S,55.94553997576682,-3.1876084027641562,150.82162475585938,295.6109619140625
55.94553997576682,-3.1876084027641562,NE,55.94575210780118,-3.1873962707298005,150.82162475585938,294.3609619140625
55.94575210780118,-3.1873962707298005,W,55.94575210780118,-3.1876962707298007,150.82162475585938,293.1109619140625
55.94575210780118,-3.1876962707298007,SSE,55.94547494394142,-3.187581465700091,150.82162475585938,291.8609619140625
55.94547494394142,-3.187581465700091,E,55.94547494394142,-3.187281465700091,150.82162475585938,290.6109619140625
55.94547494394142,-3.187281465700091,E,55.94547494394142,-3.1869814657000908,260.23907470703125,385.9786682128906
55.94547494394142,-3.1869814657000908,N,55.94577494394142,-3.1869814657000908,376.89971923828125,416.04010009765625
55.94577494394142,-3.1869814657000908,E,55.94577494394142,-3.1866814657000906,432.1399841308594,479.22296142578125
55.94577494394142,-3.1866814657000906,NNW,55.94605210780118,-3.1867962707298,432.1399841308594,477.97296142578125
55.94605210780118,-3.1867962707298,SSW,55.94577494394142,-3.1869110757595096,432.1399841308594,476.72296142578125
55.94577494394142,-3.1869110757595096,WSW,55.94566013891171,-3.187188239619263,432.1399841308594,475.47296142578125
55.94566013891171,-3.187188239619263,SSW,55.945382975051956,-3.1873030446489725,432.1399841308594,474.22296142578125
55.945382975051956,-3.1873030446489725,NNE,55.94566013891171,-3.187188239619263,432.1399841308594,472.97296142578125
55.94566013891171,-3.187188239619263,ESE,55.945545333882,-3.1869110757595096,432.1399841308594,471.72296142578125
55.945545333882,-3.1869110757595096,NNW,55.94582249774176,-3.187025880789219,432.1399841308594,470.47296142578125
55.94582249774176,-3.187025880789219,NE,55.946034629776115,-3.1868137487548633,432.1399841308594,469.22296142578125
55.946034629776115,-3.1868137487548633,SW,55.94582249774176,-3.187025880789219,432.1399841308594,467.97296142578125
55.94582249774176,-3.187025880789219,ENE,55.94593730277147,-3.1867487169294657,432.1399841308594,466.72296142578125
55.94593730277147,-3.1867487169294657,E,55.94593730277147,-3.1864487169294655,432.1399841308594,465.47296142578125
55.94593730277147,-3.1864487169294655,W,55.94593730277147,-3.1867487169294657,432.1399841308594,464.22296142578125
55.94593730277147,-3.1867487169294657,NE,55.946149434805825,-3.18653658489511,432.1399841308594,462.97296142578125
55.946149434805825,-3.18653658489511,WSW,55.946034629776115,-3.1868137487548633,432.1399841308594,461.72296142578125
55.946034629776115,-3.1868137487548633,SSE,55.94575746591636,-3.186698943725154,432.1399841308594,460.47296142578125
55.94575746591636,-3.186698943725154,NE,55.945969597950715,-3.186486811690798,432.1399841308594,459.22296142578125
55.945969597950715,-3.186486811690798,SW,55.94575746591636,-3.186698943725154,432.1399841308594,457.97296142578125
55.94575746591636,-3.186698943725154,SW,55.945545333882,-3.1869110757595096,432.1399841308594,456.72296142578125
55.945545333882,-3.1869110757595096,NNE,55.94582249774176,-3.1867962707298,432.1399841308594,455.47296142578125
55.94582249774176,-3.1867962707298,S,55.945522497741756,-3.1867962707298,432.1399841308594,454.22296142578125
55.945522497741756,-3.1867962707298,W,55.945522497741756,-3.1870962707298003,432.1399841308594,452.97296142578125
55.945522497741756,-3.1870962707298003,SW,55.9453103657074,-3.187308402764156,432.1399841308594,451.72296142578125
55.9453103657074,-3.187308402764156,E,55.9453103657074,-3.187008402764156,432.1399841308594,450.47296142578125
55.9453103657074,-3.187008402764156,WSW,55.94519556067769,-3.1872855666239093,432.1399841308594,449.22296142578125
55.94519556067769,-3.1872855666239093,SE,55.94498342864333,-3.1870734345895535,432.1399841308594,447.97296142578125
55.94498342864333,-3.1870734345895535,SSW,55.944706264783576,-3.187188239619263,432.1399841308594,446.72296142578125
55.944706264783576,-3.187188239619263,ESE,55.944591459753866,-3.1869110757595096,551.1270141601562,482.1111145019531
55.944591459753866,-3.1869110757595096,E,55.944591459753866,-3.1866110757595094,551.1270141601562,480.8611145019531
55.944591459753866,-3.1866110757595094,NNW,55.94486862361362,-3.186725880789219,551.1270141601562,479.6111145019531
55.94486862361362,-3.186725880789219,NNW,55.94514578747338,-3.1868406858189284,551.1270141601562,478.3611145019531
55.94514578747338,-3.1868406858189284,SE,55.94493365543902,-3.1866285537845727,551.1270141601562,477.1111145019531
55.94493365543902,-3.1866285537845727,SSW,55.944656491579266,-3.186743358814282,551.1270141601562,475.8611145019531
55.944656491579266,-3.186743358814282,WSW,55.944541686549556,-3.1870205226740356,551.1270141601562,474.6111145019531
55.944541686549556,-3.1870205226740356,E,55.944541686549556,-3.1867205226740354,551.1270141601562,473.3611145019531
55.944541686549556,-3.1867205226740354,WSW,55.944426881519846,-3.186997686533789,551.1270141601562,472.1111145019531
55.944426881519846,-3.186997686533789,S,55.94412688151984,-3.186997686533789,551.1270141601562,470.8611145019531
55.94412688151984,-3.186997686533789,ESE,55.94401207649013,-3.1867205226740354,648.1722412109375,559.0732421875
55.94401207649013,-3.1867205226740354,ESE,55.94389727146042,-3.186443358814282,753.5294189453125,565.2861328125
55.94389727146042,-3.186443358814282,SE,55.943685139426066,-3.186231226779926,870.7645874023438,678.1802978515625
55.943685139426066,-3.186231226779926,NW,55.94389727146042,-3.186443358814282,870.7645874023438,676.9302978515625
55.94389727146042,-3.186443358814282,SW,55.943685139426066,-3.1866554908486378,870.7645874023438,675.6802978515625
55.943685139426066,-3.1866554908486378,SSE,55.94340797556631,-3.1865406858189282,960.78955078125,757.04833984375
55.94340797556631,-3.1865406858189282,E,55.94340797556631,-3.186240685818928,960.78955078125,755.79833984375
55.94340797556631,-3.186240685818928,SSW,55.94313081170655,-3.1863554908486376,960.78955078125,754.54833984375
55.94313081170655,-3.1863554908486376,WNW,55.94324561673626,-3.186632654708391,960.78955078125,753.29833984375
55.94324561673626,-3.186632654708391,W,55.94324561673626,-3.186932654708391,1017.5896606445312,802.9247436523438
55.94324561673626,-3.186932654708391,SSE,55.94296845287651,-3.1868178496786816,1017.5896606445312,801.6747436523438
55.94296845287651,-3.1868178496786816,SSE,55.94269128901675,-3.186703044648972,1041.6719970703125,919.1730346679688
55.94269128901675,-3.186703044648972,NE,55.942903421051106,-3.1864909126146164,1041.6719970703125,917.9230346679688
55.942903421051106,-3.1864909126146164,E,55.942903421051106,-3.186190912614616,1041.6719970703125,916.6730346679688
55.942903421051106,-3.186190912614616,SSE,55.94262625719135,-3.1860761075849067,1041.6719970703125,915.4230346679688
55.94262625719135,-3.1860761075849067,N,55.94292625719135,-3.1860761075849067,1041.6719970703125,914.1730346679688
55.94292625719135,-3.1860761075849067,SW,55.942714125156996,-3.1862882396192624,1041.6719970703125,912.9230346679688
55.942714125156996,-3.1862882396192624,N,55.943014125157,-3.1862882396192624,1041.6719970703125,911.6730346679688
55.943014125157,-3.1862882396192624,ENE,55.94312893018671,-3.186011075759509,1041.6719970703125,910.4230346679688
55.94312893018671,-3.186011075759509,ESE,55.943014125157,-3.1857339118997556,1041.6719970703125,909.1730346679688
55.943014125157,-3.1857339118997556,E,55.943014125157,-3.1854339118997554,1041.6719970703125,907.9230346679688
55.943014125157,-3.1854339118997554,WNW,55.94312893018671,-3.185711075759509,1041.6719970703125,906.6730346679688
55.94312893018671,-3.185711075759509,SSE,55.94285176632695,-3.1855962707297993,1041.6719970703125,905.4230346679688
55.94285176632695,-3.1855962707297993,ENE,55.94296657135666,-3.185319106870046,1041.6719970703125,904.1730346679688
55.94296657135666,-3.185319106870046,W,55.94296657135666,-3.185619106870046,1041.6719970703125,902.9230346679688
55.94296657135666,-3.185619106870046,SSW,55.94268940749691,-3.1857339118997556,1041.6719970703125,901.6730346679688
55.94268940749691,-3.1857339118997556,NE,55.94290153953126,-3.1855217798654,1041.6719970703125,900.4230346679688
55.94290153953126,-3.1855217798654,E,55.94290153953126,-3.1852217798653997,1041.6719970703125,899.1730346679688
55.94290153953126,-3.1852217798653997,SSW,55.94262437567151,-3.185336584895109,1041.6719970703125,897.9230346679688
55.94262437567151,-3.185336584895109,E,55.94262437567151,-3.185036584895109,1041.6719970703125,896.6730346679688
55.94262437567151,-3.185036584895109,NNW,55.94290153953126,-3.1851513899248185,1041.6719970703125,895.4230346679688
55.94290153953126,-3.1851513899248185,NNW,55.94317870339102,-3.185266194954528,1041.6719970703125,894.1730346679688
55.94317870339102,-3.185266194954528,SSE,55.94290153953126,-3.1851513899248185,1041.6719970703125,892.9230346679688
55.94290153953126,-3.1851513899248185,NE,55.94311367156562,-3.1849392578904627,1041.6719970703125,891.6730346679688
55.94311367156562,-3.1849392578904627,E,55.94311367156562,-3.1846392578904625,1041.6719970703125,890.4230346679688
55.94311367156562,-3.1846392578904625,SSW,55.94283650770586,-3.184754062920172,1041.6719970703125,889.1730346679688
55.94283650770586,-3.184754062920172,NNW,55.94311367156562,-3.1848688679498816,1041.6719970703125,887.9230346679688
55.94311367156562,-3.1848688679498816,ESE,55.94299886653591,-3.184591704090128,1041.6719970703125,886.6730346679688
55.94299886653591,-3.184591704090128,NW,55.943210998570265,-3.184803836124484,1041.6719970703125,885.4230346679688
55.943210998570265,-3.184803836124484,E,55.943210998570265,-3.1845038361244837,1041.6719970703125,884.1730346679688
55.943210998570265,-3.1845038361244837,SSW,55.94293383471051,-3.1846186411541932,1041.6719970703125,882.9230346679688
55.94293383471051,-3.1846186411541932,SSE,55.94265667085075,-3.1845038361244837,1041.6719970703125,881.6730346679688
55.94265667085075,-3.1845038361244837,W,55.94265667085075,-3.184803836124484,1041.6719970703125,880.4230346679688
55.94265667085075,-3.184803836124484,WNW,55.94277147588046,-3.1850809999842373,1041.6719970703125,879.1730346679688
55.94277147588046,-3.1850809999842373,N,55.943071475880465,-3.1850809999842373,1041.6719970703125,877.9230346679688
55.943071475880465,-3.1850809999842373,NNE,55.94334863974022,-3.184966194954528,1041.6719970703125,876.6730346679688
55.94334863974022,-3.184966194954528,W,55.94334863974022,-3.185266194954528,1041.6719970703125,875.4230346679688
55.94334863974022,-3.185266194954528,NNW,55.94362580359998,-3.1853809999842375,1041.6719970703125,874.1730346679688
55.94362580359998,-3.1853809999842375,N,55.94392580359998,-3.1853809999842375,1077.3909912109375,927.2183837890625
55.94392580359998,-3.1853809999842375,S,55.94362580359998,-3.1853809999842375,1077.3909912109375,925.9683837890625
55.94362580359998,-3.1853809999842375,ESE,55.94351099857027,-3.185103836124484,1077.3909912109375,924.7183837890625
55.94351099857027,-3.185103836124484,S,55.943210998570265,-3.185103836124484,1077.3909912109375,923.4683837890625
55.943210998570265,-3.185103836124484,SSW,55.94293383471051,-3.1852186411541936,1077.3909912109375,922.2183837890625
55.94293383471051,-3.1852186411541936,W,55.94293383471051,-3.185518641154194,1077.3909912109375,920.9683837890625
55.94293383471051,-3.185518641154194,NE,55.943145966744865,-3.185306509119838,1077.3909912109375,919.7183837890625
55.943145966744865,-3.185306509119838,NW,55.94335809877922,-3.185518641154194,1077.3909912109375,918.4683837890625
55.94335809877922,-3.185518641154194,SW,55.943145966744865,-3.1857307731885496,1077.3909912109375,917.2183837890625
55.943145966744865,-3.1857307731885496,NNE,55.94342313060462,-3.18561596815884,1077.3909912109375,915.9683837890625
55.94342313060462,-3.18561596815884,S,55.94312313060462,-3.18561596815884,1077.3909912109375,914.7183837890625
55.94312313060462,-3.18561596815884,ESE,55.94300832557491,-3.1853388042990867,1077.3909912109375,913.4683837890625
55.94300832557491,-3.1853388042990867,S,55.942708325574905,-3.1853388042990867,1077.3909912109375,912.2183837890625
55.942708325574905,-3.1853388042990867,N,55.94300832557491,-3.1853388042990867,1077.3909912109375,910.9683837890625
55.94300832557491,-3.1853388042990867,E,55.94300832557491,-3.1850388042990865,1077.3909912109375,909.7183837890625
55.94300832557491,-3.1850388042990865,SSE,55.94273116171515,-3.184923999269377,1077.3909912109375,908.4683837890625
55.94273116171515,-3.184923999269377,WNW,55.94284596674486,-3.1852011631291304,1077.3909912109375,907.2183837890625
55.94284596674486,-3.1852011631291304,NNW,55.94312313060462,-3.18531596815884,1077.3909912109375,905.9683837890625
55.94312313060462,-3.18531596815884,SSW,55.94284596674486,-3.1854307731885494,1077.3909912109375,904.7183837890625
55.94284596674486,-3.1854307731885494,SW,55.942633834710506,-3.185642905222905,1077.3909912109375,903.4683837890625
55.942633834710506,-3.185642905222905,NNW,55.94291099857026,-3.1857577102526147,1077.3909912109375,902.2183837890625
55.94291099857026,-3.1857577102526147,NNE,55.94318816243002,-3.185642905222905,1077.3909912109375,900.9683837890625
55.94318816243002,-3.185642905222905,WNW,55.94330296745973,-3.1859200690826586,1077.3909912109375,899.7183837890625
55.94330296745973,-3.1859200690826586,NW,55.943515099494086,-3.1861322011170143,1077.3909912109375,898.4683837890625
55.943515099494086,-3.1861322011170143,NE,55.94372723152844,-3.1859200690826586,1077.3909912109375,897.2183837890625
55.94372723152844,-3.1859200690826586,N,55.944027231528445,-3.1859200690826586,1077.3909912109375,895.9683837890625
55.944027231528445,-3.1859200690826586,N,55.94432723152845,-3.1859200690826586,1087.455078125,977.1846923828125
55.94432723152845,-3.1859200690826586,NW,55.944539363562804,-3.1861322011170143,1087.455078125,975.9346923828125
55.944539363562804,-3.1861322011170143,N,55.94483936356281,-3.1861322011170143,1087.455078125,974.6846923828125
55.94483936356281,-3.1861322011170143,NE,55.94505149559716,-3.1859200690826586,1170.7564697265625,1094.5634765625
55.94505149559716,-3.1859200690826586,SSE,55.944774331737406,-3.185805264052949,1170.7564697265625,1093.3134765625
55.944774331737406,-3.185805264052949,N,55.94507433173741,-3.185805264052949,1170.7564697265625,1092.0634765625
55.94507433173741,-3.185805264052949,WNW,55.94518913676712,-3.1860824279127025,1170.7564697265625,1090.8134765625
55.94518913676712,-3.1860824279127025,WSW,55.94507433173741,-3.186359591772456,1170.7564697265625,1089.5634765625
55.94507433173741,-3.186359591772456,WNW,55.94518913676712,-3.1866367556322093,1170.7564697265625,1088.3134765625
55.94518913676712,-3.1866367556322093,WSW,55.94507433173741,-3.1869139194919627,1170.7564697265625,1087.0634765625
55.94507433173741,-3.1869139194919627,SW,55.94486219970305,-3.1871260515263184,1170.7564697265625,1085.8134765625
55.94486219970305,-3.1871260515263184,NW,55.94507433173741,-3.187338183560674,1170.7564697265625,1084.5634765625
55.94507433173741,-3.187338183560674,NNE,55.945351495597166,-3.1872233785309647,1170.7564697265625,1083.3134765625
55.945351495597166,-3.1872233785309647,WSW,55.945236690567455,-3.187500542390718,1170.7564697265625,1082.0634765625
55.945236690567455,-3.187500542390718,SE,55.9450245585331,-3.1872884103563623,1170.7564697265625,1080.8134765625
55.9450245585331,-3.1872884103563623,SSW,55.94474739467334,-3.187403215386072,1170.7564697265625,1079.5634765625
55.94474739467334,-3.187403215386072,ENE,55.94486219970305,-3.1871260515263184,1170.7564697265625,1078.3134765625
55.94486219970305,-3.1871260515263184,W,55.94486219970305,-3.1874260515263186,1170.7564697265625,1077.0634765625
55.94486219970305,-3.1874260515263186,N,55.945162199703056,-3.1874260515263186,1170.7564697265625,1075.8134765625
55.945162199703056,-3.1874260515263186,NNW,55.94543936356281,-3.187540856556028,1170.7564697265625,1074.5634765625
55.94543936356281,-3.187540856556028,NNW,55.94571652742257,-3.1876556615857377,1170.7564697265625,1073.3134765625
55.94571652742257,-3.1876556615857377,S,55.945416527422566,-3.1876556615857377,1170.7564697265625,1072.0634765625
55.945416527422566,-3.1876556615857377,SSW,55.94513936356281,-3.187770466615447,1170.7564697265625,1070.8134765625
55.94513936356281,-3.187770466615447,W,55.94513936356281,-3.1880704666154474,1170.7564697265625,1069.5634765625
55.94513936356281,-3.1880704666154474,ENE,55.94525416859252,-3.187793302755694,1170.7564697265625,1068.3134765625
55.94525416859252,-3.187793302755694,E,55.94525416859252,-3.1874933027556938,1170.7564697265625,1067.0634765625
55.94525416859252,-3.1874933027556938,WNW,55.94536897362223,-3.187770466615447,1170.7564697265625,1065.8134765625
55.94536897362223,-3.187770466615447,ENE,55.94548377865194,-3.1874933027556938,1170.7564697265625,1064.5634765625
55.94548377865194,-3.1874933027556938,NNE,55.9457609425117,-3.1873784977259842,1170.7564697265625,1063.3134765625
55.9457609425117,-3.1873784977259842,SW,55.94554881047734,-3.18759062976034,1170.7564697265625,1062.0634765625
55.94554881047734,-3.18759062976034,SW,55.945336678442985,-3.187802761794696,1170.7564697265625,1060.8134765625
55.945336678442985,-3.187802761794696,NE,55.94554881047734,-3.18759062976034,1170.7564697265625,1059.5634765625
55.94554881047734,-3.18759062976034,WNW,55.94566361550705,-3.1878677936200934,1170.7564697265625,1058.3134765625
55.94566361550705,-3.1878677936200934,W,55.94566361550705,-3.1881677936200936,1170.7564697265625,1057.0634765625
55.94566361550705,-3.1881677936200936,S,55.94536361550705,-3.1881677936200936,1170.7564697265625,1055.8134765625
55.94536361550705,-3.1881677936200936,N,55.94566361550705,-3.1881677936200936,1170.7564697265625,1054.5634765625
55.94566361550705,-3.1881677936200936,WSW,55.94554881047734,-3.188444957479847,1170.7564697265625,1053.3134765625
55.94554881047734,-3.188444957479847,ENE,55.94566361550705,-3.1881677936200936,1170.7564697265625,1052.0634765625
55.94566361550705,-3.1881677936200936,N,55.945963615507054,-3.1881677936200936,1170.7564697265625,1050.8134765625
55.945963615507054,-3.1881677936200936,SSW,55.9456864516473,-3.188282598649803,1170.7564697265625,1049.5634765625
55.9456864516473,-3.188282598649803,E,55.9456864516473,-3.187982598649803,1170.7564697265625,1048.3134765625
55.9456864516473,-3.187982598649803,SE,55.94547431961294,-3.187770466615447,1170.7564697265625,1047.0634765625
55.94547431961294,-3.187770466615447,SSE,55.945197155753185,-3.1876556615857377,1170.7564697265625,1045.8134765625
55.945197155753185,-3.1876556615857377,SSE,55.94491999189343,-3.187540856556028,1170.7564697265625,1044.5634765625
55.94491999189343,-3.187540856556028,ESE,55.94480518686372,-3.1872636926962747,1170.7564697265625,1043.3134765625
55.94480518686372,-3.1872636926962747,NNE,55.945082350723474,-3.1871488876665652,1170.7564697265625,1042.0634765625
55.945082350723474,-3.1871488876665652,W,55.945082350723474,-3.1874488876665654,1170.7564697265625,1040.8134765625
55.945082350723474,-3.1874488876665654,WNW,55.945197155753185,-3.187726051526319,1170.7564697265625,1039.5634765625
55.945197155753185,-3.187726051526319,WNW,55.945311960782895,-3.1880032153860722,1170.7564697265625,1038.3134765625
55.945311960782895,-3.1880032153860722,NNW,55.94558912464265,-3.1881180204157817,1170.7564697265625,1037.0634765625
55.94558912464265,-3.1881180204157817,E,55.94558912464265,-3.1878180204157816,1170.7564697265625,1035.8134765625
55.94558912464265,-3.1878180204157816,E,55.94558912464265,-3.1875180204157814,1170.7564697265625,1034.5634765625
55.94558912464265,-3.1875180204157814,W,55.94558912464265,-3.1878180204157816,1170.7564697265625,1033.3134765625
55.94558912464265,-3.1878180204157816,WSW,55.94547431961294,-3.188095184275535,1170.7564697265625,1032.0634765625
55.94547431961294,-3.188095184275535,NE,55.9456864516473,-3.187883052241179,1170.7564697265625,1030.8134765625
55.9456864516473,-3.187883052241179,S,55.945386451647295,-3.187883052241179,1170.7564697265625,1029.5634765625
55.945386451647295,-3.187883052241179,NW,55.94559858368165,-3.188095184275535,1170.7564697265625,1028.3134765625
55.94559858368165,-3.188095184275535,N,55.945898583681654,-3.188095184275535,1170.7564697265625,1027.0634765625
55.945898583681654,-3.188095184275535,W,55.945898583681654,-3.188395184275535,1170.7564697265625,1025.8134765625
55.945898583681654,-3.188395184275535,SE,55.9456864516473,-3.1881830522411794,1170.7564697265625,1024.5634765625
55.9456864516473,-3.1881830522411794,N,55.9459864516473,-3.1881830522411794,1170.7564697265625,1023.3134765625
55.9459864516473,-3.1881830522411794,S,55.9456864516473,-3.1881830522411794,1170.7564697265625,1022.0634765625
55.9456864516473,-3.1881830522411794,SE,55.94547431961294,-3.1879709202068236,1170.7564697265625,1020.8134765625
55.94547431961294,-3.1879709202068236,SE,55.945262187578585,-3.187758788172468,1170.7564697265625,1019.5634765625
55.945262187578585,-3.187758788172468,NNW,55.94553935143834,-3.1878735932021773,1170.7564697265625,1018.3134765625
55.94553935143834,-3.1878735932021773,W,55.94553935143834,-3.1881735932021775,1170.7564697265625,1017.0634765625
55.94553935143834,-3.1881735932021775,NE,55.9457514834727,-3.1879614611678218,1170.7564697265625,1015.8134765625
55.9457514834727,-3.1879614611678218,NW,55.945963615507054,-3.1881735932021775,1170.7564697265625,1014.5634765625
