55.944425,-3.188396,SE,55.944212867965646,-3.1881838679656442,102.80046844482422,328.7321472167969
55.944212867965646,-3.1881838679656442,WNW,55.94432767299536,-3.1884610318253976,102.80046844482422,327.4821472167969
55.94432767299536,-3.1884610318253976,WNW,55.94444247802507,-3.188738195685151,102.80046844482422,326.2321472167969
55.94444247802507,-3.188738195685151,W,55.94444247802507,-3.1890381956851512,205.1083526611328,391.1248474121094
55.94444247802507,-3.1890381956851512,NNE,55.944719641884824,-3.1889233906554417,205.1083526611328,389.8748474121094
55.944719641884824,-3.1889233906554417,NNE,55.94499680574458,-3.188808585625732,205.1083526611328,388.6248474121094
55.94499680574458,-3.188808585625732,NNE,55.94527396960434,-3.1886937805960227,205.1083526611328,387.3748474121094
55.94527396960434,-3.1886937805960227,N,55.94557396960434,-3.1886937805960227,205.1083526611328,386.1248474121094
55.94557396960434,-3.1886937805960227,NE,55.945786101638696,-3.188481648561667,205.1083526611328,384.8748474121094
55.945786101638696,-3.188481648561667,NE,55.94599823367305,-3.188269516527311,205.1083526611328,383.6248474121094
55.94599823367305,-3.188269516527311,NW,55.94621036570741,-3.188481648561667,289.95343017578125,469.5207824707031
55.94621036570741,-3.188481648561667,ESE,55.9460955606777,-3.1882044847019135,289.95343017578125,468.2707824707031
55.9460955606777,-3.1882044847019135,ESE,55.94598075564799,-3.18792732084216,289.95343017578125,467.0207824707031
55.94598075564799,-3.18792732084216,E,55.94598075564799,-3.18762732084216,289.95343017578125,465.7707824707031
55.94598075564799,-3.18762732084216,SE,55.94576862361363,-3.187415188807804,332.173095703125,514.571044921875
55.94576862361363,-3.187415188807804,NE,55.94598075564799,-3.1872030567734484,332.173095703125,513.321044921875
55.94598075564799,-3.1872030567734484,E,55.94598075564799,-3.186903056773448,332.173095703125,512.071044921875
55.94598075564799,-3.186903056773448,NE,55.946192887682344,-3.1866909247390924,346.0874938964844,512.5550537109375
55.946192887682344,-3.1866909247390924,ESE,55.94607808265263,-3.186413760879339,433.2418212890625,547.65087890625
55.94607808265263,-3.186413760879339,E,55.94607808265263,-3.186113760879339,433.2418212890625,546.40087890625
55.94607808265263,-3.186113760879339,E,55.94607808265263,-3.1858137608793387,433.2418212890625,545.15087890625
55.94607808265263,-3.1858137608793387,ENE,55.946192887682344,-3.1855365970195852,495.32794189453125,644.4697265625
55.946192887682344,-3.1855365970195852,E,55.946192887682344,-3.185236597019585,495.32794189453125,643.2197265625
55.946192887682344,-3.185236597019585,E,55.946192887682344,-3.184936597019585,591.8433837890625,723.7113647460938
55.946192887682344,-3.184936597019585,S,55.94589288768234,-3.184936597019585,591.8433837890625,722.4613647460938
55.94589288768234,-3.184936597019585,SSE,55.945615723822584,-3.1848217919898754,591.8433837890625,721.2113647460938
55.945615723822584,-3.1848217919898754,S,55.94531572382258,-3.1848217919898754,591.8433837890625,719.9613647460938
55.94531572382258,-3.1848217919898754,SSE,55.945038559962825,-3.184706986960166,598.236328125,780.5081787109375
55.945038559962825,-3.184706986960166,SE,55.94482642792847,-3.18449485492581,648.6968994140625,897.5823974609375
55.94482642792847,-3.18449485492581,SSW,55.94454926406871,-3.1846096599555196,715.1170654296875,972.2927856445312
55.94454926406871,-3.1846096599555196,SSW,55.944272100208956,-3.184724464985229,715.1170654296875,971.0427856445312
55.944272100208956,-3.184724464985229,WSW,55.944157295179245,-3.1850016288449825,747.0736694335938,984.279541015625
55.944157295179245,-3.1850016288449825,W,55.944157295179245,-3.1853016288449827,755.97265625,1005.4639282226562
55.944157295179245,-3.1853016288449827,SSE,55.94388013131949,-3.185186823815273,875.7427368164062,1118.7877197265625
55.94388013131949,-3.185186823815273,ENE,55.9439949363492,-3.18490965995552,875.7427368164062,1117.5377197265625
55.9439949363492,-3.18490965995552,SE,55.94378280431484,-3.184697527921164,915.4678955078125,1238.518310546875
55.94378280431484,-3.184697527921164,SSW,55.943505640455086,-3.1848123329508735,915.4678955078125,1237.268310546875
55.943505640455086,-3.1848123329508735,SSW,55.94322847659533,-3.184927137980583,915.4678955078125,1236.018310546875
55.94322847659533,-3.184927137980583,SW,55.943016344560974,-3.185139270014939,915.4678955078125,1234.768310546875
55.943016344560974,-3.185139270014939,SSW,55.94273918070122,-3.1852540750446483,1021.390380859375,1342.0550537109375
55.94273918070122,-3.1852540750446483,WSW,55.94262437567151,-3.1855312389044017,1052.4952392578125,1352.4906005859375
55.94262437567151,-3.1855312389044017,NNW,55.94290153953126,-3.185646043934111,1052.4952392578125,1351.2406005859375
55.94290153953126,-3.185646043934111,NNW,55.94317870339102,-3.1857608489638207,1052.4952392578125,1349.9906005859375
55.94317870339102,-3.1857608489638207,NNW,55.943455867250776,-3.1858756539935302,1052.4952392578125,1348.7406005859375
55.943455867250776,-3.1858756539935302,NNW,55.94373303111053,-3.1859904590232397,1052.4952392578125,1347.4906005859375
55.94373303111053,-3.1859904590232397,N,55.944033031110536,-3.1859904590232397,1052.4952392578125,1346.2406005859375
55.944033031110536,-3.1859904590232397,NNW,55.94431019497029,-3.1861052640529492,1052.4952392578125,1344.9906005859375
55.94431019497029,-3.1861052640529492,NNW,55.94458735883005,-3.1862200690826588,1069.71826171875,1427.22802734375
55.94458735883005,-3.1862200690826588,SW,55.94437522679569,-3.1864322011170145,1069.71826171875,1425.97802734375
55.94437522679569,-3.1864322011170145,SW,55.944163094761336,-3.1866443331513703,1069.71826171875,1424.72802734375
55.944163094761336,-3.1866443331513703,SW,55.94395096272698,-3.186856465185726,1069.71826171875,1423.47802734375
55.94395096272698,-3.186856465185726,WSW,55.94383615769727,-3.1871336290454795,1069.71826171875,1422.22802734375
55.94383615769727,-3.1871336290454795,SW,55.94362402566291,-3.1873457610798352,1111.2392578125,1467.7135009765625
55.94362402566291,-3.1873457610798352,SW,55.94341189362856,-3.187557893114191,1111.2392578125,1466.4635009765625
55.94341189362856,-3.187557893114191,SW,55.9431997615942,-3.187770025148547,1193.843017578125,1583.5986328125
55.9431997615942,-3.187770025148547,WSW,55.94308495656449,-3.1880471890083,1193.843017578125,1582.3486328125
55.94308495656449,-3.1880471890083,WSW,55.94297015153478,-3.1883243528680536,1272.3994140625,1595.2979736328125
55.94297015153478,-3.1883243528680536,WSW,55.94285534650507,-3.188601516727807,1272.3994140625,1594.0479736328125
55.94285534650507,-3.188601516727807,W,55.94285534650507,-3.188901516727807,1284.382080078125,1716.654541015625
55.94285534650507,-3.188901516727807,NW,55.943067478539426,-3.189113648762163,1284.382080078125,1715.404541015625
55.943067478539426,-3.189113648762163,W,55.943067478539426,-3.189413648762163,1372.5928955078125,1748.4078369140625
55.943067478539426,-3.189413648762163,N,55.94336747853943,-3.189413648762163,1423.516357421875,1829.358642578125
55.94336747853943,-3.189413648762163,SW,55.94315534650507,-3.189625780796519,1423.516357421875,1828.108642578125
55.94315534650507,-3.189625780796519,SSE,55.942878182645316,-3.1895109757668094,1516.3406982421875,1935.4288330078125
55.942878182645316,-3.1895109757668094,WNW,55.94299298767503,-3.189788139626563,1516.3406982421875,1934.1788330078125
55.94299298767503,-3.189788139626563,WNW,55.94310779270474,-3.1900653034863162,1516.3406982421875,1932.9288330078125
55.94310779270474,-3.1900653034863162,WNW,55.94322259773445,-3.1903424673460696,1617.986572265625,2043.99365234375
55.94322259773445,-3.1903424673460696,NW,55.9434347297688,-3.1905545993804254,1659.4013671875,2123.558349609375
55.9434347297688,-3.1905545993804254,W,55.9434347297688,-3.1908545993804256,1659.4013671875,2122.308349609375
55.9434347297688,-3.1908545993804256,WSW,55.94331992473909,-3.191131763240179,1702.349365234375,2157.515869140625
55.94331992473909,-3.191131763240179,SW,55.94310779270474,-3.1913438952745348,1702.349365234375,2156.265869140625
55.94310779270474,-3.1913438952745348,WSW,55.94299298767503,-3.191621059134288,1702.349365234375,2155.015869140625
55.94299298767503,-3.191621059134288,SW,55.94278085564067,-3.191833191168644,1777.3013916015625,2194.360595703125
55.94278085564067,-3.191833191168644,N,55.94308085564067,-3.191833191168644,1777.3013916015625,2193.110595703125
55.94308085564067,-3.191833191168644,NNW,55.94335801950043,-3.1919479961983535,1777.3013916015625,2191.860595703125
55.94335801950043,-3.1919479961983535,N,55.94365801950043,-3.1919479961983535,1858.7525634765625,2233.1259765625
55.94365801950043,-3.1919479961983535,NNW,55.94393518336019,-3.192062801228063,1929.82080078125,2233.22265625
55.94393518336019,-3.192062801228063,NNW,55.944212347219946,-3.1921776062577725,1929.82080078125,2231.97265625
55.944212347219946,-3.1921776062577725,NW,55.9444244792543,-3.1923897382921282,2022.9298095703125,2245.112548828125
55.9444244792543,-3.1923897382921282,N,55.944724479254305,-3.1923897382921282,2022.9298095703125,2243.862548828125
55.944724479254305,-3.1923897382921282,N,55.94502447925431,-3.1923897382921282,2022.9298095703125,2242.612548828125
55.94502447925431,-3.1923897382921282,N,55.94532447925431,-3.1923897382921282,2022.9298095703125,2241.362548828125
55.94532447925431,-3.1923897382921282,N,55.94562447925431,-3.1923897382921282,2022.9298095703125,2240.112548828125
55.94562447925431,-3.1923897382921282,N,55.945924479254316,-3.1923897382921282,2136.228271484375,2277.3828125
55.945924479254316,-3.1923897382921282,SE,55.94571234721996,-3.1921776062577725,2177.0791015625,2321.1865234375
55.94571234721996,-3.1921776062577725,WNW,55.94582715224967,-3.192454770117526,2177.0791015625,2319.9365234375
55.94582715224967,-3.192454770117526,E,55.94582715224967,-3.1921547701175257,2177.0791015625,2318.6865234375
55.94582715224967,-3.1921547701175257,SSW,55.945549988389914,-3.192269575147235,2177.0791015625,2317.4365234375
55.945549988389914,-3.192269575147235,NNE,55.94582715224967,-3.1921547701175257,2177.0791015625,2316.1865234375
55.94582715224967,-3.1921547701175257,NE,55.946039284284026,-3.19194263808317,2177.0791015625,2314.9365234375
55.946039284284026,-3.19194263808317,WSW,55.945924479254316,-3.1922198019429233,2177.0791015625,2313.6865234375
55.945924479254316,-3.1922198019429233,SE,55.94571234721996,-3.1920076699085675,2177.0791015625,2312.4365234375
55.94571234721996,-3.1920076699085675,WSW,55.94559754219025,-3.192284833768321,2177.0791015625,2311.1865234375
55.94559754219025,-3.192284833768321,SSE,55.94532037833049,-3.1921700287386114,2177.0791015625,2309.9365234375
55.94532037833049,-3.1921700287386114,N,55.945620378330496,-3.1921700287386114,2177.0791015625,2308.6865234375
55.945620378330496,-3.1921700287386114,NNW,55.94589754219025,-3.192284833768321,2177.0791015625,2307.4365234375
55.94589754219025,-3.192284833768321,E,55.94589754219025,-3.1919848337683208,2177.0791015625,2306.1865234375
55.94589754219025,-3.1919848337683208,S,55.94559754219025,-3.1919848337683208,2177.0791015625,2304.9365234375
55.94559754219025,-3.1919848337683208,SE,55.94538541015589,-3.191772701733965,2177.0791015625,2303.6865234375
55.94538541015589,-3.191772701733965,ENE,55.945500215185604,-3.1914955378742116,2177.0791015625,2302.4365234375
55.945500215185604,-3.1914955378742116,SSW,55.94522305132585,-3.191610342903921,2177.0791015625,2301.1865234375
55.94522305132585,-3.191610342903921,SSW,55.94494588746609,-3.1917251479336306,2177.0791015625,2299.9365234375
55.94494588746609,-3.1917251479336306,ESE,55.94483108243638,-3.191447984073877,2177.0791015625,2298.6865234375
55.94483108243638,-3.191447984073877,SE,55.944618950402024,-3.1912358520395214,2177.0791015625,2297.4365234375
55.944618950402024,-3.1912358520395214,W,55.944618950402024,-3.1915358520395216,2177.0791015625,2296.1865234375
55.944618950402024,-3.1915358520395216,S,55.94431895040202,-3.1915358520395216,2177.0791015625,2294.9365234375
55.94431895040202,-3.1915358520395216,NW,55.94453108243638,-3.1917479840738774,2177.0791015625,2293.6865234375
55.94453108243638,-3.1917479840738774,SSW,55.94425391857662,-3.191862789103587,2177.0791015625,2292.4365234375
55.94425391857662,-3.191862789103587,SW,55.944041786542265,-3.1920749211379427,2177.0791015625,2291.1865234375
55.944041786542265,-3.1920749211379427,SSW,55.94376462268251,-3.192189726167652,2177.0791015625,2289.9365234375
55.94376462268251,-3.192189726167652,E,55.94376462268251,-3.191889726167652,2177.0791015625,2288.6865234375
55.94376462268251,-3.191889726167652,ENE,55.94387942771222,-3.1916125623078986,2177.0791015625,2287.4365234375
55.94387942771222,-3.1916125623078986,W,55.94387942771222,-3.1919125623078988,2177.0791015625,2286.1865234375
55.94387942771222,-3.1919125623078988,SSE,55.94360226385246,-3.1917977572781893,2177.0791015625,2284.9365234375
55.94360226385246,-3.1917977572781893,SE,55.943390131818106,-3.1915856252438335,2177.0791015625,2283.6865234375
55.943390131818106,-3.1915856252438335,ESE,55.943275326788395,-3.19130846138408,2177.0791015625,2282.4365234375
55.943275326788395,-3.19130846138408,NE,55.94348745882275,-3.1910963293497243,2177.0791015625,2281.1865234375
55.94348745882275,-3.1910963293497243,SSW,55.943210294962995,-3.191211134379434,2177.0791015625,2279.9365234375
55.943210294962995,-3.191211134379434,S,55.94291029496299,-3.191211134379434,2177.0791015625,2278.6865234375
55.94291029496299,-3.191211134379434,W,55.94291029496299,-3.191511134379434,2177.0791015625,2277.4365234375
55.94291029496299,-3.191511134379434,ESE,55.94279548993328,-3.1912339705196806,2177.0791015625,2276.1865234375
55.94279548993328,-3.1912339705196806,E,55.94279548993328,-3.1909339705196804,2177.0791015625,2274.9365234375
55.94279548993328,-3.1909339705196804,NNW,55.94307265379304,-3.19104877554939,2177.0791015625,2273.6865234375
55.94307265379304,-3.19104877554939,SSW,55.94279548993328,-3.1911635805790994,2177.0791015625,2272.4365234375
55.94279548993328,-3.1911635805790994,NNW,55.94307265379304,-3.191278385608809,2177.0791015625,2271.1865234375
55.94307265379304,-3.191278385608809,W,55.94307265379304,-3.191578385608809,2177.0791015625,2269.9365234375
55.94307265379304,-3.191578385608809,N,55.94337265379304,-3.191578385608809,2177.0791015625,2268.6865234375
55.94337265379304,-3.191578385608809,W,55.94337265379304,-3.1918783856088093,2177.0791015625,2267.4365234375
55.94337265379304,-3.1918783856088093,SSE,55.943095489933285,-3.1917635805791,2177.0791015625,2266.1865234375
55.943095489933285,-3.1917635805791,NE,55.94330762196764,-3.191551448544744,2177.0791015625,2264.9365234375
55.94330762196764,-3.191551448544744,N,55.943607621967644,-3.191551448544744,2177.0791015625,2263.6865234375
55.943607621967644,-3.191551448544744,S,55.94330762196764,-3.191551448544744,2177.0791015625,2262.4365234375
55.94330762196764,-3.191551448544744,NNW,55.9435847858274,-3.1916662535744535,2177.0791015625,2261.1865234375
55.9435847858274,-3.1916662535744535,SE,55.94337265379304,-3.1914541215400978,2177.0791015625,2259.9365234375
55.94337265379304,-3.1914541215400978,N,55.943672653793044,-3.1914541215400978,2177.0791015625,2258.6865234375
55.943672653793044,-3.1914541215400978,S,55.94337265379304,-3.1914541215400978,2177.0791015625,2257.4365234375
55.94337265379304,-3.1914541215400978,WNW,55.94348745882275,-3.191731285399851,2177.0791015625,2256.1865234375
55.94348745882275,-3.191731285399851,W,55.94348745882275,-3.1920312853998514,2177.0791015625,2254.9365234375
55.94348745882275,-3.1920312853998514,SE,55.943275326788395,-3.1918191533654956,2177.0791015625,2253.6865234375
55.943275326788395,-3.1918191533654956,ENE,55.943390131818106,-3.191541989505742,2177.0791015625,2252.4365234375
55.943390131818106,-3.191541989505742,NW,55.94360226385246,-3.191754121540098,2177.0791015625,2251.1865234375
55.94360226385246,-3.191754121540098,E,55.94360226385246,-3.1914541215400978,2177.0791015625,2249.9365234375
55.94360226385246,-3.1914541215400978,NE,55.94381439588682,-3.191241989505742,2177.0791015625,2248.6865234375
55.94381439588682,-3.191241989505742,E,55.94381439588682,-3.190941989505742,2177.0791015625,2247.4365234375
55.94381439588682,-3.190941989505742,SE,55.94360226385246,-3.190729857471386,2177.0791015625,2246.1865234375
55.94360226385246,-3.190729857471386,SE,55.943390131818106,-3.1905177254370303,2177.0791015625,2244.9365234375
55.943390131818106,-3.1905177254370303,NNE,55.94366729567786,-3.1904029204073208,2177.0791015625,2243.6865234375
55.94366729567786,-3.1904029204073208,S,55.94336729567786,-3.1904029204073208,2177.0791015625,2242.4365234375
55.94336729567786,-3.1904029204073208,NE,55.943579427712216,-3.190190788372965,2177.0791015625,2241.1865234375
55.943579427712216,-3.190190788372965,E,55.943579427712216,-3.189890788372965,2177.0791015625,2239.9365234375
55.943579427712216,-3.189890788372965,W,55.943579427712216,-3.190190788372965,2177.0791015625,2238.6865234375
55.943579427712216,-3.190190788372965,E,55.943579427712216,-3.189890788372965,2177.0791015625,2237.4365234375
55.943579427712216,-3.189890788372965,ESE,55.943464622682505,-3.1896136245132114,2177.0791015625,2236.1865234375
55.943464622682505,-3.1896136245132114,WNW,55.943579427712216,-3.189890788372965,2177.0791015625,2234.9365234375
55.943579427712216,-3.189890788372965,E,55.943579427712216,-3.1895907883729646,2177.0791015625,2233.6865234375
55.943579427712216,-3.1895907883729646,SSW,55.94330226385246,-3.189705593402674,2177.0791015625,2232.4365234375
55.94330226385246,-3.189705593402674,N,55.94360226385246,-3.189705593402674,2177.0791015625,2231.1865234375
55.94360226385246,-3.189705593402674,NNW,55.94387942771222,-3.1898203984323836,2177.0791015625,2229.9365234375
55.94387942771222,-3.1898203984323836,NNW,55.944156591571975,-3.189935203462093,2177.0791015625,2228.6865234375
55.944156591571975,-3.189935203462093,SW,55.94394445953762,-3.190147335496449,2177.0791015625,2227.4365234375
55.94394445953762,-3.190147335496449,NNW,55.944221623397375,-3.1902621405261584,2177.0791015625,2226.1865234375
55.944221623397375,-3.1902621405261584,NNW,55.94449878725713,-3.190376945555868,2177.0791015625,2224.9365234375
55.94449878725713,-3.190376945555868,E,55.94449878725713,-3.1900769455558677,2177.0791015625,2223.6865234375
55.94449878725713,-3.1900769455558677,W,55.94449878725713,-3.190376945555868,2177.0791015625,2222.4365234375
55.94449878725713,-3.190376945555868,NNW,55.94477595111689,-3.1904917505855774,2177.0791015625,2221.1865234375
55.94477595111689,-3.1904917505855774,S,55.944475951116885,-3.1904917505855774,2177.0791015625,2219.9365234375
55.944475951116885,-3.1904917505855774,SSW,55.94419878725713,-3.190606555615287,2177.0791015625,2218.6865234375
55.94419878725713,-3.190606555615287,WSW,55.94408398222742,-3.1908837194750403,2177.0791015625,2217.4365234375
55.94408398222742,-3.1908837194750403,SE,55.94387185019306,-3.1906715874406846,2177.0791015625,2216.1865234375
55.94387185019306,-3.1906715874406846,E,55.94387185019306,-3.1903715874406844,2177.0791015625,2214.9365234375
55.94387185019306,-3.1903715874406844,NNE,55.94414901405282,-3.190256782410975,2177.0791015625,2213.6865234375
55.94414901405282,-3.190256782410975,ESE,55.94403420902311,-3.1899796185512215,2177.0791015625,2212.4365234375
55.94403420902311,-3.1899796185512215,ENE,55.94414901405282,-3.189702454691468,2177.0791015625,2211.1865234375
55.94414901405282,-3.189702454691468,SSE,55.94387185019306,-3.1895876496617586,2177.0791015625,2209.9365234375
55.94387185019306,-3.1895876496617586,E,55.94387185019306,-3.1892876496617584,2177.0791015625,2208.6865234375
55.94387185019306,-3.1892876496617584,NNE,55.94414901405282,-3.189172844632049,2177.0791015625,2207.4365234375
55.94414901405282,-3.189172844632049,NE,55.944361146087175,-3.188960712597693,2177.0791015625,2206.1865234375
55.944361146087175,-3.188960712597693,ENE,55.944475951116885,-3.1886835487379397,2177.0791015625,2204.9365234375
55.944475951116885,-3.1886835487379397,E,55.944475951116885,-3.1883835487379395,2177.0791015625,2203.6865234375
55.944475951116885,-3.1883835487379395,WNW,55.944590756146596,-3.188660712597693,2177.0791015625,2202.4365234375
55.944590756146596,-3.188660712597693,NNW,55.94486792000635,-3.1887755176274024,2177.0791015625,2201.1865234375
55.94486792000635,-3.1887755176274024,E,55.94486792000635,-3.1884755176274022,2177.0791015625,2199.9365234375
55.94486792000635,-3.1884755176274022,SSW,55.944590756146596,-3.1885903226571117,2177.0791015625,2198.6865234375
55.944590756146596,-3.1885903226571117,WSW,55.944475951116885,-3.188867486516865,2177.0791015625,2197.4365234375
55.944475951116885,-3.188867486516865,E,55.944475951116885,-3.188567486516865,2177.0791015625,2196.1865234375
55.944475951116885,-3.188567486516865,WSW,55.944361146087175,-3.1888446503766184,2177.0791015625,2194.9365234375
55.944361146087175,-3.1888446503766184,SW,55.94414901405282,-3.189056782410974,2177.0791015625,2193.6865234375
55.94414901405282,-3.189056782410974,NNW,55.944426177912575,-3.1891715874406836,2177.0791015625,2192.4365234375
55.944426177912575,-3.1891715874406836,SW,55.94421404587822,-3.1893837194750394,2177.0791015625,2191.1865234375
55.94421404587822,-3.1893837194750394,E,55.94421404587822,-3.189083719475039,2177.0791015625,2189.9365234375
55.94421404587822,-3.189083719475039,NNE,55.944491209737976,-3.1889689144453297,2177.0791015625,2188.6865234375
55.944491209737976,-3.1889689144453297,WNW,55.944606014767686,-3.189246078305083,2177.0791015625,2187.4365234375
55.944606014767686,-3.189246078305083,SSE,55.94432885090793,-3.1891312732753736,2177.0791015625,2186.1865234375
55.94432885090793,-3.1891312732753736,N,55.94462885090793,-3.1891312732753736,2177.0791015625,2184.9365234375
55.94462885090793,-3.1891312732753736,SSW,55.944351687048176,-3.189246078305083,2177.0791015625,2183.6865234375
55.944351687048176,-3.189246078305083,SW,55.94413955501382,-3.189458210339439,2177.0791015625,2182.4365234375
55.94413955501382,-3.189458210339439,WNW,55.94425436004353,-3.1897353741991923,2177.0791015625,2181.1865234375
55.94425436004353,-3.1897353741991923,SW,55.944042228009174,-3.189947506233548,2177.0791015625,2179.9365234375
55.944042228009174,-3.189947506233548,SW,55.94383009597482,-3.190159638267904,2177.0791015625,2178.6865234375
55.94383009597482,-3.190159638267904,ENE,55.94394490100453,-3.1898824744081504,2177.0791015625,2177.4365234375
55.94394490100453,-3.1898824744081504,ESE,55.94383009597482,-3.189605310548397,2177.0791015625,2176.1865234375
55.94383009597482,-3.189605310548397,E,55.94383009597482,-3.189305310548397,2177.0791015625,2174.9365234375
55.94383009597482,-3.189305310548397,SSW,55.94355293211506,-3.1894201155781063,2177.0791015625,2173.6865234375
55.94355293211506,-3.1894201155781063,WNW,55.94366773714477,-3.1896972794378597,2177.0791015625,2172.4365234375
55.94366773714477,-3.1896972794378597,ESE,55.94355293211506,-3.1894201155781063,2177.0791015625,2171.1865234375
55.94355293211506,-3.1894201155781063,WNW,55.94366773714477,-3.1896972794378597,2177.0791015625,2169.9365234375
55.94366773714477,-3.1896972794378597,SSW,55.943390573285015,-3.1898120844675693,2177.0791015625,2168.6865234375
55.943390573285015,-3.1898120844675693,WSW,55.943275768255305,-3.1900892483273227,2177.0791015625,2167.4365234375
55.943275768255305,-3.1900892483273227,NW,55.94348790028966,-3.1903013803616784,2177.0791015625,2166.1865234375
55.94348790028966,-3.1903013803616784,N,55.943787900289664,-3.1903013803616784,2177.0791015625,2164.9365234375
55.943787900289664,-3.1903013803616784,NW,55.94400003232402,-3.190513512396034,2177.0791015625,2163.6865234375
55.94400003232402,-3.190513512396034,NW,55.944212164358376,-3.19072564443039,2177.0791015625,2162.4365234375
55.944212164358376,-3.19072564443039,SSW,55.94393500049862,-3.1908404494600995,2177.0791015625,2161.1865234375
55.94393500049862,-3.1908404494600995,SSE,55.94365783663886,-3.19072564443039,2177.0791015625,2159.9365234375
55.94365783663886,-3.19072564443039,S,55.94335783663886,-3.19072564443039,2177.0791015625,2158.6865234375
55.94335783663886,-3.19072564443039,E,55.94335783663886,-3.19042564443039,2177.0791015625,2157.4365234375
55.94335783663886,-3.19042564443039,SSW,55.943080672779104,-3.1905404494600993,2177.0791015625,2156.1865234375
55.943080672779104,-3.1905404494600993,N,55.94338067277911,-3.1905404494600993,2177.0791015625,2154.9365234375
55.94338067277911,-3.1905404494600993,ESE,55.943265867749396,-3.190263285600346,2177.0791015625,2153.6865234375
55.943265867749396,-3.190263285600346,SSE,55.94298870388964,-3.1901484805706364,2177.0791015625,2152.4365234375
55.94298870388964,-3.1901484805706364,E,55.94298870388964,-3.189848480570636,2177.0791015625,2151.1865234375
55.94298870388964,-3.189848480570636,SSW,55.94271154002988,-3.1899632856003457,2177.0791015625,2149.9365234375
55.94271154002988,-3.1899632856003457,WNW,55.94282634505959,-3.190240449460099,2177.0791015625,2148.6865234375
55.94282634505959,-3.190240449460099,ESE,55.94271154002988,-3.1899632856003457,2177.0791015625,2147.4365234375
55.94271154002988,-3.1899632856003457,WNW,55.94282634505959,-3.190240449460099,2177.0791015625,2146.1865234375
55.94282634505959,-3.190240449460099,N,55.943126345059596,-3.190240449460099,2177.0791015625,2144.9365234375
55.943126345059596,-3.190240449460099,NNE,55.94340350891935,-3.1901256444303896,2177.0791015625,2143.6865234375
55.94340350891935,-3.1901256444303896,W,55.94340350891935,-3.19042564443039,2177.0791015625,2142.4365234375
55.94340350891935,-3.19042564443039,NNW,55.94368067277911,-3.1905404494600993,2177.0791015625,2141.1865234375
55.94368067277911,-3.1905404494600993,S,55.94338067277911,-3.1905404494600993,2177.0791015625,2139.9365234375
55.94338067277911,-3.1905404494600993,ESE,55.943265867749396,-3.190263285600346,2177.0791015625,2138.6865234375
55.943265867749396,-3.190263285600346,S,55.94296586774939,-3.190263285600346,2177.0791015625,2137.4365234375
55.94296586774939,-3.190263285600346,SSW,55.94268870388964,-3.1903780906300554,2177.0791015625,2136.1865234375
55.94268870388964,-3.1903780906300554,NNW,55.94296586774939,-3.190492895659765,2177.0791015625,2134.9365234375
55.94296586774939,-3.190492895659765,NE,55.94317799978375,-3.190280763625409,2177.0791015625,2133.6865234375
55.94317799978375,-3.190280763625409,NW,55.943390131818106,-3.190492895659765,2177.0791015625,2132.4365234375
55.943390131818106,-3.190492895659765,SW,55.94317799978375,-3.1907050276941207,2177.0791015625,2131.1865234375
55.94317799978375,-3.1907050276941207,NNE,55.943455163643506,-3.190590222664411,2177.0791015625,2129.9365234375
55.943455163643506,-3.190590222664411,S,55.9431551636435,-3.190590222664411,2177.0791015625,2128.6865234375
55.9431551636435,-3.190590222664411,ESE,55.94304035861379,-3.1903130588046578,2177.0791015625,2127.4365234375
55.94304035861379,-3.1903130588046578,S,55.94274035861379,-3.1903130588046578,2177.0791015625,2126.1865234375
55.94274035861379,-3.1903130588046578,NW,55.942952490648146,-3.1905251908390135,2177.0791015625,2124.9365234375
55.942952490648146,-3.1905251908390135,E,55.942952490648146,-3.1902251908390133,2177.0791015625,2123.6865234375
55.942952490648146,-3.1902251908390133,SSE,55.94267532678839,-3.190110385809304,2177.0791015625,2122.4365234375
55.94267532678839,-3.190110385809304,WNW,55.9427901318181,-3.1903875496690572,2177.0791015625,2121.1865234375
55.9427901318181,-3.1903875496690572,NNW,55.94306729567786,-3.1905023546987668,2177.0791015625,2119.9365234375
55.94306729567786,-3.1905023546987668,SSW,55.9427901318181,-3.1906171597284763,2177.0791015625,2118.6865234375
55.9427901318181,-3.1906171597284763,WNW,55.94290493684781,-3.1908943235882297,2177.0791015625,2117.4365234375
55.94290493684781,-3.1908943235882297,ESE,55.9427901318181,-3.1906171597284763,2177.0791015625,2116.1865234375
55.9427901318181,-3.1906171597284763,E,55.9427901318181,-3.190317159728476,2177.0791015625,2114.9365234375
