55.944425,-3.188396,SSE,55.944147836140246,-3.1882811949702905,0.0,248.75
55.944147836140246,-3.1882811949702905,WSW,55.944033031110536,-3.188558358830044,92.1579360961914,361.14239501953125
55.944033031110536,-3.188558358830044,S,55.94373303111053,-3.188558358830044,185.66476440429688,466.59918212890625
55.94373303111053,-3.188558358830044,SE,55.94352089907618,-3.188346226795688,185.66476440429688,465.34918212890625
55.94352089907618,-3.188346226795688,SE,55.94330876704182,-3.1881340947613324,268.0199890136719,574.43603515625
55.94330876704182,-3.1881340947613324,NE,55.94352089907618,-3.1879219627269766,303.5623474121094,630.6310424804688
55.94352089907618,-3.1879219627269766,NNE,55.94379806293593,-3.187807157697267,389.2694091796875,697.602783203125
55.94379806293593,-3.187807157697267,NNE,55.94407522679569,-3.1876923526675576,431.12725830078125,770.9678955078125
55.94407522679569,-3.1876923526675576,ESE,55.94396042176598,-3.187415188807804,431.12725830078125,769.7178955078125
55.94396042176598,-3.187415188807804,NNE,55.944237585625736,-3.1873003837780947,431.12725830078125,768.4678955078125
55.944237585625736,-3.1873003837780947,NNE,55.94451474948549,-3.187185578748385,526.1055297851562,817.0864868164062
55.94451474948549,-3.187185578748385,SSW,55.944237585625736,-3.1873003837780947,526.1055297851562,815.8364868164062
55.944237585625736,-3.1873003837780947,NE,55.94444971766009,-3.187088251743739,526.1055297851562,814.5864868164062
55.94444971766009,-3.187088251743739,NW,55.94466184969445,-3.1873003837780947,526.1055297851562,813.3364868164062
55.94466184969445,-3.1873003837780947,WSW,55.94454704466474,-3.187577547637848,526.1055297851562,812.0864868164062
55.94454704466474,-3.187577547637848,SE,55.94433491263038,-3.1873654156034923,526.1055297851562,810.8364868164062
55.94433491263038,-3.1873654156034923,SW,55.944122780596025,-3.187577547637848,526.1055297851562,809.5864868164062
55.944122780596025,-3.187577547637848,NE,55.94433491263038,-3.1873654156034923,526.1055297851562,808.3364868164062
55.94433491263038,-3.1873654156034923,NNE,55.94461207649014,-3.187250610573783,526.1055297851562,807.0864868164062
55.94461207649014,-3.187250610573783,SW,55.94439994445578,-3.1874627426081386,526.1055297851562,805.8364868164062
55.94439994445578,-3.1874627426081386,SSE,55.944122780596025,-3.187347937578429,526.1055297851562,804.5864868164062
55.944122780596025,-3.187347937578429,NNW,55.94439994445578,-3.1874627426081386,526.1055297851562,803.3364868164062
55.94439994445578,-3.1874627426081386,ESE,55.94428513942607,-3.187185578748385,526.1055297851562,802.0864868164062
55.94428513942607,-3.187185578748385,W,55.94428513942607,-3.1874855787483853,526.1055297851562,800.8364868164062
55.94428513942607,-3.1874855787483853,WSW,55.94417033439636,-3.1877627426081387,526.1055297851562,799.5864868164062
55.94417033439636,-3.1877627426081387,SE,55.943958202362005,-3.187550610573783,526.1055297851562,798.3364868164062
55.943958202362005,-3.187550610573783,S,55.943658202362,-3.187550610573783,526.1055297851562,797.0864868164062
55.943658202362,-3.187550610573783,E,55.943658202362,-3.187250610573783,577.675048828125,896.217529296875
55.943658202362,-3.187250610573783,W,55.943658202362,-3.187550610573783,577.675048828125,894.967529296875
55.943658202362,-3.187550610573783,WNW,55.94377300739171,-3.1878277744335364,577.675048828125,893.717529296875
55.94377300739171,-3.1878277744335364,NW,55.94398513942607,-3.188039906467892,577.675048828125,892.467529296875
55.94398513942607,-3.188039906467892,NW,55.944197271460425,-3.188252038502248,641.450439453125,891.5407104492188
55.944197271460425,-3.188252038502248,WSW,55.944082466430714,-3.1885292023620013,641.450439453125,890.2907104492188
55.944082466430714,-3.1885292023620013,WNW,55.944197271460425,-3.1888063662217547,641.450439453125,889.0407104492188
55.944197271460425,-3.1888063662217547,SW,55.94398513942607,-3.1890184982561105,641.450439453125,887.7907104492188
55.94398513942607,-3.1890184982561105,ENE,55.94409994445578,-3.188741334396357,641.450439453125,886.5407104492188
55.94409994445578,-3.188741334396357,W,55.94409994445578,-3.1890413343963573,641.450439453125,885.2907104492188
55.94409994445578,-3.1890413343963573,ENE,55.94421474948549,-3.188764170536604,641.450439453125,884.0407104492188
55.94421474948549,-3.188764170536604,S,55.94391474948549,-3.188764170536604,641.450439453125,882.7907104492188
55.94391474948549,-3.188764170536604,ESE,55.943799944455776,-3.1884870066768505,641.450439453125,881.5407104492188
55.943799944455776,-3.1884870066768505,NE,55.94401207649013,-3.1882748746424947,641.450439453125,880.2907104492188
55.94401207649013,-3.1882748746424947,SSW,55.943734912630376,-3.188389679672204,641.450439453125,879.0407104492188
55.943734912630376,-3.188389679672204,S,55.94343491263037,-3.188389679672204,641.450439453125,877.7907104492188
55.94343491263037,-3.188389679672204,N,55.943734912630376,-3.188389679672204,641.450439453125,876.5407104492188
55.943734912630376,-3.188389679672204,E,55.943734912630376,-3.188089679672204,641.450439453125,875.2907104492188
55.943734912630376,-3.188089679672204,SSE,55.94345774877062,-3.1879748746424945,641.450439453125,874.0407104492188
55.94345774877062,-3.1879748746424945,W,55.94345774877062,-3.1882748746424947,641.450439453125,872.7907104492188
55.94345774877062,-3.1882748746424947,SSW,55.94318058491086,-3.188389679672204,641.450439453125,871.5407104492188
55.94318058491086,-3.188389679672204,ESE,55.94306577988115,-3.188112515812451,641.450439453125,870.2907104492188
55.94306577988115,-3.188112515812451,W,55.94306577988115,-3.188412515812451,641.450439453125,869.0407104492188
55.94306577988115,-3.188412515812451,N,55.943365779881155,-3.188412515812451,641.450439453125,867.7907104492188
55.943365779881155,-3.188412515812451,W,55.943365779881155,-3.188712515812451,641.450439453125,866.5407104492188
55.943365779881155,-3.188712515812451,SSE,55.9430886160214,-3.1885977107827417,641.450439453125,865.2907104492188
55.9430886160214,-3.1885977107827417,NE,55.943300748055755,-3.188385578748386,641.450439453125,864.0407104492188
55.943300748055755,-3.188385578748386,N,55.94360074805576,-3.188385578748386,641.450439453125,862.7907104492188
55.94360074805576,-3.188385578748386,S,55.943300748055755,-3.188385578748386,641.450439453125,861.5407104492188
55.943300748055755,-3.188385578748386,NNW,55.94357791191551,-3.1885003837780954,641.450439453125,860.2907104492188
55.94357791191551,-3.1885003837780954,SE,55.943365779881155,-3.1882882517437396,641.450439453125,859.0407104492188
55.943365779881155,-3.1882882517437396,N,55.94366577988116,-3.1882882517437396,641.450439453125,857.7907104492188
55.94366577988116,-3.1882882517437396,S,55.943365779881155,-3.1882882517437396,641.450439453125,856.5407104492188
55.943365779881155,-3.1882882517437396,WNW,55.943480584910866,-3.188565415603493,641.450439453125,855.2907104492188
55.943480584910866,-3.188565415603493,W,55.943480584910866,-3.1888654156034932,641.450439453125,854.0407104492188
55.943480584910866,-3.1888654156034932,SE,55.94326845287651,-3.1886532835691375,641.450439453125,852.7907104492188
55.94326845287651,-3.1886532835691375,ENE,55.94338325790622,-3.188376119709384,641.450439453125,851.5407104492188
55.94338325790622,-3.188376119709384,NW,55.943595389940576,-3.18858825174374,641.450439453125,850.2907104492188
55.943595389940576,-3.18858825174374,E,55.943595389940576,-3.1882882517437396,641.450439453125,849.0407104492188
55.943595389940576,-3.1882882517437396,NE,55.94380752197493,-3.188076119709384,641.450439453125,847.7907104492188
55.94380752197493,-3.188076119709384,E,55.94380752197493,-3.1877761197093837,641.450439453125,846.5407104492188
55.94380752197493,-3.1877761197093837,NNW,55.94408468583469,-3.187890924739093,641.450439453125,845.2907104492188
55.94408468583469,-3.187890924739093,SE,55.94387255380033,-3.1876787927047374,641.450439453125,844.0407104492188
55.94387255380033,-3.1876787927047374,WNW,55.94398735883004,-3.187955956564491,641.450439453125,842.7907104492188
55.94398735883004,-3.187955956564491,S,55.94368735883004,-3.187955956564491,641.450439453125,841.5407104492188
55.94368735883004,-3.187955956564491,WNW,55.94380216385975,-3.1882331204242442,641.450439453125,840.2907104492188
55.94380216385975,-3.1882331204242442,E,55.94380216385975,-3.187933120424244,641.450439453125,839.0407104492188
55.94380216385975,-3.187933120424244,W,55.94380216385975,-3.1882331204242442,641.450439453125,837.7907104492188
55.94380216385975,-3.1882331204242442,E,55.94380216385975,-3.187933120424244,641.450439453125,836.5407104492188
55.94380216385975,-3.187933120424244,ESE,55.94368735883004,-3.1876559565644906,641.450439453125,835.2907104492188
55.94368735883004,-3.1876559565644906,N,55.94398735883004,-3.1876559565644906,641.450439453125,834.0407104492188
55.94398735883004,-3.1876559565644906,ENE,55.94410216385975,-3.1873787927047372,641.450439453125,832.7907104492188
55.94410216385975,-3.1873787927047372,NNW,55.94437932771951,-3.1874935977344467,641.450439453125,831.5407104492188
55.94437932771951,-3.1874935977344467,N,55.94467932771951,-3.1874935977344467,641.450439453125,830.2907104492188
55.94467932771951,-3.1874935977344467,NNW,55.94495649157927,-3.1876084027641562,641.450439453125,829.0407104492188
55.94495649157927,-3.1876084027641562,NNW,55.945233655439026,-3.1877232077938658,641.450439453125,827.7907104492188
55.945233655439026,-3.1877232077938658,E,55.945233655439026,-3.1874232077938656,641.450439453125,826.5407104492188
55.945233655439026,-3.1874232077938656,SSW,55.94495649157927,-3.187538012823575,641.450439453125,825.2907104492188
55.94495649157927,-3.187538012823575,NNW,55.945233655439026,-3.1876528178532846,641.450439453125,824.0407104492188
55.945233655439026,-3.1876528178532846,SW,55.94502152340467,-3.1878649498876404,641.450439453125,822.7907104492188
55.94502152340467,-3.1878649498876404,ESE,55.94490671837496,-3.187587786027887,641.450439453125,821.5407104492188
55.94490671837496,-3.187587786027887,NNW,55.945183882234716,-3.1877025910575965,641.450439453125,820.2907104492188
55.945183882234716,-3.1877025910575965,WSW,55.945069077205005,-3.18797975491735,641.450439453125,819.0407104492188
55.945069077205005,-3.18797975491735,WSW,55.944954272175295,-3.1882569187771033,641.450439453125,817.7907104492188
55.944954272175295,-3.1882569187771033,ESE,55.944839467145584,-3.18797975491735,641.450439453125,816.5407104492188
55.944839467145584,-3.18797975491735,SE,55.94462733511123,-3.187767622882994,641.450439453125,815.2907104492188
55.94462733511123,-3.187767622882994,E,55.94462733511123,-3.187467622882994,641.450439453125,814.0407104492188
55.94462733511123,-3.187467622882994,NNE,55.944904498970985,-3.1873528178532844,641.450439453125,812.7907104492188
55.944904498970985,-3.1873528178532844,ESE,55.944789693941274,-3.187075653993531,641.450439453125,811.5407104492188
55.944789693941274,-3.187075653993531,ENE,55.944904498970985,-3.1867984901337776,641.450439453125,810.2907104492188
55.944904498970985,-3.1867984901337776,SSE,55.94462733511123,-3.186683685104068,641.450439453125,809.0407104492188
55.94462733511123,-3.186683685104068,E,55.94462733511123,-3.186383685104068,641.450439453125,807.7907104492188
55.94462733511123,-3.186383685104068,WSW,55.94451253008152,-3.1866608489638213,641.450439453125,806.5407104492188
55.94451253008152,-3.1866608489638213,SE,55.94430039804716,-3.1864487169294655,641.450439453125,805.2907104492188
55.94430039804716,-3.1864487169294655,SSW,55.944023234187405,-3.186563521959175,641.450439453125,804.0407104492188
55.944023234187405,-3.186563521959175,SE,55.94381110215305,-3.1863513899248193,718.040771484375,825.5687255859375
55.94381110215305,-3.1863513899248193,E,55.94381110215305,-3.186051389924819,718.040771484375,824.3187255859375
55.94381110215305,-3.186051389924819,E,55.94381110215305,-3.185751389924819,794.7547607421875,941.6611938476562
55.94381110215305,-3.185751389924819,NNW,55.944088266012805,-3.1858661949545284,794.7547607421875,940.4111938476562
55.944088266012805,-3.1858661949545284,NNW,55.94436542987256,-3.185980999984238,794.7547607421875,939.1611938476562
55.94436542987256,-3.185980999984238,N,55.944665429872565,-3.185980999984238,815.9705200195312,953.9984130859375
55.944665429872565,-3.185980999984238,SE,55.94445329783821,-3.185768867949882,815.9705200195312,952.7484130859375
55.94445329783821,-3.185768867949882,SSW,55.94417613397845,-3.1858836729795916,815.9705200195312,951.4984130859375
55.94417613397845,-3.1858836729795916,WSW,55.94406132894874,-3.186160836839345,815.9705200195312,950.2484130859375
55.94406132894874,-3.186160836839345,E,55.94406132894874,-3.185860836839345,815.9705200195312,948.9984130859375
55.94406132894874,-3.185860836839345,WSW,55.94394652391903,-3.1861380006990982,815.9705200195312,947.7484130859375
55.94394652391903,-3.1861380006990982,S,55.94364652391903,-3.1861380006990982,815.9705200195312,946.4984130859375
55.94364652391903,-3.1861380006990982,NW,55.943858655953385,-3.186350132733454,815.9705200195312,945.2484130859375
55.943858655953385,-3.186350132733454,SW,55.94364652391903,-3.18656226476781,815.9705200195312,943.9984130859375
55.94364652391903,-3.18656226476781,E,55.94364652391903,-3.1862622647678096,815.9705200195312,942.7484130859375
55.94364652391903,-3.1862622647678096,SSW,55.94336936005927,-3.186377069797519,815.9705200195312,941.4984130859375
55.94336936005927,-3.186377069797519,NNW,55.94364652391903,-3.1864918748272286,815.9705200195312,940.2484130859375
55.94364652391903,-3.1864918748272286,SSE,55.94336936005927,-3.186377069797519,815.9705200195312,938.9984130859375
55.94336936005927,-3.186377069797519,W,55.94336936005927,-3.1866770697975193,815.9705200195312,937.7484130859375
55.94336936005927,-3.1866770697975193,E,55.94336936005927,-3.186377069797519,815.9705200195312,936.4984130859375
55.94336936005927,-3.186377069797519,SSE,55.943092196199515,-3.1862622647678096,815.9705200195312,935.2484130859375
55.943092196199515,-3.1862622647678096,SW,55.94288006416516,-3.1864743968021654,815.9705200195312,933.9984130859375
55.94288006416516,-3.1864743968021654,ESE,55.94276525913545,-3.186197232942412,815.9705200195312,932.7484130859375
55.94276525913545,-3.186197232942412,NW,55.942977391169805,-3.1864093649767677,815.9705200195312,931.4984130859375
55.942977391169805,-3.1864093649767677,NNE,55.94325455502956,-3.1862945599470582,815.9705200195312,930.2484130859375
55.94325455502956,-3.1862945599470582,W,55.94325455502956,-3.1865945599470584,815.9705200195312,928.9984130859375
55.94325455502956,-3.1865945599470584,NNE,55.94353171888932,-3.186479754917349,815.9705200195312,927.7484130859375
55.94353171888932,-3.186479754917349,WNW,55.94364652391903,-3.1867569187771023,815.9705200195312,926.4984130859375
55.94364652391903,-3.1867569187771023,SSE,55.94336936005927,-3.186642113747393,815.9705200195312,925.2484130859375
55.94336936005927,-3.186642113747393,NNE,55.94364652391903,-3.1865273087176833,815.9705200195312,923.9984130859375
55.94364652391903,-3.1865273087176833,W,55.94364652391903,-3.1868273087176835,815.9705200195312,922.7484130859375
55.94364652391903,-3.1868273087176835,N,55.94394652391903,-3.1868273087176835,815.9705200195312,921.4984130859375
55.94394652391903,-3.1868273087176835,ESE,55.94383171888932,-3.18655014485793,815.9705200195312,920.2484130859375
55.94383171888932,-3.18655014485793,NW,55.94404385092368,-3.186762276892286,815.9705200195312,918.9984130859375
55.94404385092368,-3.186762276892286,SE,55.94383171888932,-3.18655014485793,815.9705200195312,917.7484130859375
55.94383171888932,-3.18655014485793,NW,55.94404385092368,-3.186762276892286,815.9705200195312,916.4984130859375
55.94404385092368,-3.186762276892286,SE,55.94383171888932,-3.18655014485793,815.9705200195312,915.2484130859375
55.94383171888932,-3.18655014485793,SSW,55.943554555029564,-3.1866649498876396,815.9705200195312,913.9984130859375
55.943554555029564,-3.1866649498876396,SSE,55.94327739116981,-3.18655014485793,815.9705200195312,912.7484130859375
55.94327739116981,-3.18655014485793,NE,55.943489523204164,-3.1863380128235743,815.9705200195312,911.4984130859375
55.943489523204164,-3.1863380128235743,E,55.943489523204164,-3.186038012823574,815.9705200195312,910.2484130859375
55.943489523204164,-3.186038012823574,SSW,55.94321235934441,-3.1861528178532836,815.9705200195312,908.9984130859375
55.94321235934441,-3.1861528178532836,N,55.94351235934441,-3.1861528178532836,815.9705200195312,907.7484130859375
55.94351235934441,-3.1861528178532836,ESE,55.9433975543147,-3.1858756539935302,815.9705200195312,906.4984130859375
55.9433975543147,-3.1858756539935302,SSE,55.94312039045494,-3.1857608489638207,815.9705200195312,905.2484130859375
55.94312039045494,-3.1857608489638207,E,55.94312039045494,-3.1854608489638205,815.9705200195312,903.9984130859375
55.94312039045494,-3.1854608489638205,SSW,55.94284322659519,-3.18557565399353,815.9705200195312,902.7484130859375
55.94284322659519,-3.18557565399353,NW,55.94305535862954,-3.185787786027886,815.9705200195312,901.4984130859375
55.94305535862954,-3.185787786027886,SE,55.94284322659519,-3.18557565399353,815.9705200195312,900.2484130859375
55.94284322659519,-3.18557565399353,WSW,55.94272842156548,-3.1858528178532834,815.9705200195312,898.9984130859375
55.94272842156548,-3.1858528178532834,W,55.94272842156548,-3.1861528178532836,815.9705200195312,897.7484130859375
55.94272842156548,-3.1861528178532836,NNE,55.94300558542523,-3.186038012823574,815.9705200195312,896.4984130859375
55.94300558542523,-3.186038012823574,W,55.94300558542523,-3.1863380128235743,815.9705200195312,895.2484130859375
55.94300558542523,-3.1863380128235743,SSW,55.94272842156548,-3.186452817853284,815.9705200195312,893.9984130859375
55.94272842156548,-3.186452817853284,E,55.94272842156548,-3.1861528178532836,815.9705200195312,892.7484130859375
55.94272842156548,-3.1861528178532836,NW,55.94294055359983,-3.1863649498876394,815.9705200195312,891.4984130859375
55.94294055359983,-3.1863649498876394,SW,55.94272842156548,-3.186577081921995,815.9705200195312,890.2484130859375
55.94272842156548,-3.186577081921995,NNE,55.94300558542523,-3.1864622768922857,815.9705200195312,888.9984130859375
55.94300558542523,-3.1864622768922857,S,55.94270558542523,-3.1864622768922857,815.9705200195312,887.7484130859375
55.94270558542523,-3.1864622768922857,E,55.94270558542523,-3.1861622768922855,815.9705200195312,886.4984130859375
55.94270558542523,-3.1861622768922855,NNW,55.94298274928499,-3.186277081921995,815.9705200195312,885.2484130859375
55.94298274928499,-3.186277081921995,E,55.94298274928499,-3.185977081921995,815.9705200195312,883.9984130859375
55.94298274928499,-3.185977081921995,NNE,55.94325991314474,-3.1858622768922853,815.9705200195312,882.7484130859375
55.94325991314474,-3.1858622768922853,S,55.94295991314474,-3.1858622768922853,815.9705200195312,881.4984130859375
55.94295991314474,-3.1858622768922853,ESE,55.94284510811503,-3.185585113032532,815.9705200195312,880.2484130859375
55.94284510811503,-3.185585113032532,NNE,55.94312227197479,-3.1854703080028224,815.9705200195312,878.9984130859375
55.94312227197479,-3.1854703080028224,ESE,55.943007466945076,-3.185193144143069,815.9705200195312,877.7484130859375
55.943007466945076,-3.185193144143069,E,55.943007466945076,-3.184893144143069,815.9705200195312,876.4984130859375
55.943007466945076,-3.184893144143069,E,55.943007466945076,-3.1845931441430686,850.4702758789062,973.1951904296875
55.943007466945076,-3.1845931441430686,NNE,55.94328463080483,-3.184478339113359,850.4702758789062,971.9451904296875
55.94328463080483,-3.184478339113359,N,55.943584630804835,-3.184478339113359,968.3406372070312,1047.817626953125
55.943584630804835,-3.184478339113359,NNE,55.94386179466459,-3.1843635340836496,968.3406372070312,1046.567626953125
55.94386179466459,-3.1843635340836496,NW,55.94407392669895,-3.1845756661180054,968.3406372070312,1045.317626953125
55.94407392669895,-3.1845756661180054,NW,55.944286058733304,-3.184787798152361,968.3406372070312,1044.067626953125
55.944286058733304,-3.184787798152361,SSE,55.94400889487355,-3.1846729931226516,968.3406372070312,1042.817626953125
55.94400889487355,-3.1846729931226516,SSE,55.94373173101379,-3.184558188092942,968.3406372070312,1041.567626953125
55.94373173101379,-3.184558188092942,S,55.94343173101379,-3.184558188092942,968.3406372070312,1040.317626953125
55.94343173101379,-3.184558188092942,NNE,55.943708894873545,-3.1844433830632326,968.3406372070312,1039.067626953125
55.943708894873545,-3.1844433830632326,S,55.94340889487354,-3.1844433830632326,968.3406372070312,1037.817626953125
55.94340889487354,-3.1844433830632326,SW,55.943196762839186,-3.1846555150975884,968.3406372070312,1036.567626953125
55.943196762839186,-3.1846555150975884,N,55.94349676283919,-3.1846555150975884,968.3406372070312,1035.317626953125
55.94349676283919,-3.1846555150975884,NW,55.943708894873545,-3.184867647131944,968.3406372070312,1034.067626953125
55.943708894873545,-3.184867647131944,N,55.94400889487355,-3.184867647131944,968.3406372070312,1032.817626953125
55.94400889487355,-3.184867647131944,SSE,55.94373173101379,-3.1847528421022346,968.3406372070312,1031.567626953125
55.94373173101379,-3.1847528421022346,N,55.944031731013794,-3.1847528421022346,968.3406372070312,1030.317626953125
55.944031731013794,-3.1847528421022346,WNW,55.944146536043505,-3.185030005961988,968.3406372070312,1029.067626953125
55.944146536043505,-3.185030005961988,WSW,55.944031731013794,-3.1853071698217414,968.3406372070312,1027.817626953125
55.944031731013794,-3.1853071698217414,WNW,55.944146536043505,-3.185584333681495,968.3406372070312,1026.567626953125
55.944146536043505,-3.185584333681495,WSW,55.944031731013794,-3.1858614975412483,968.3406372070312,1025.317626953125
55.944031731013794,-3.1858614975412483,SW,55.94381959897944,-3.186073629575604,968.3406372070312,1024.067626953125
55.94381959897944,-3.186073629575604,NW,55.944031731013794,-3.18628576160996,968.3406372070312,1022.817626953125
55.944031731013794,-3.18628576160996,NW,55.94424386304815,-3.1864978936443156,968.3406372070312,1021.567626953125
55.94424386304815,-3.1864978936443156,WSW,55.94412905801844,-3.186775057504069,968.3406372070312,1020.317626953125
55.94412905801844,-3.186775057504069,N,55.94442905801844,-3.186775057504069,968.3406372070312,1019.067626953125
55.94442905801844,-3.186775057504069,NW,55.9446411900528,-3.1869871895384247,968.3406372070312,1017.817626953125
55.9446411900528,-3.1869871895384247,SSE,55.94436402619304,-3.1868723845087152,968.3406372070312,1016.567626953125
55.94436402619304,-3.1868723845087152,SSE,55.944086862333286,-3.1867575794790057,968.3406372070312,1015.317626953125
55.944086862333286,-3.1867575794790057,SSW,55.94380969847353,-3.1868723845087152,968.3406372070312,1014.067626953125
55.94380969847353,-3.1868723845087152,ESE,55.94369489344382,-3.186595220648962,968.3406372070312,1012.817626953125
55.94369489344382,-3.186595220648962,NNW,55.943972057303576,-3.1867100256786713,968.3406372070312,1011.567626953125
55.943972057303576,-3.1867100256786713,E,55.943972057303576,-3.186410025678671,968.3406372070312,1010.317626953125
55.943972057303576,-3.186410025678671,SSW,55.94369489344382,-3.1865248307083807,968.3406372070312,1009.067626953125
55.94369489344382,-3.1865248307083807,NNE,55.943972057303576,-3.186410025678671,968.3406372070312,1007.817626953125
55.943972057303576,-3.186410025678671,ENE,55.944086862333286,-3.1861328618189177,968.3406372070312,1006.567626953125
55.944086862333286,-3.1861328618189177,E,55.944086862333286,-3.1858328618189176,968.3406372070312,1005.317626953125
55.944086862333286,-3.1858328618189176,WNW,55.944201667363,-3.186110025678671,968.3406372070312,1004.067626953125
55.944201667363,-3.186110025678671,ENE,55.94431647239271,-3.1858328618189176,968.3406372070312,1002.817626953125
55.94431647239271,-3.1858328618189176,NNE,55.94459363625246,-3.185718056789208,968.3406372070312,1001.567626953125
55.94459363625246,-3.185718056789208,S,55.94429363625246,-3.185718056789208,968.3406372070312,1000.317626953125
55.94429363625246,-3.185718056789208,SW,55.944081504218104,-3.185930188823564,968.3406372070312,999.067626953125
55.944081504218104,-3.185930188823564,NE,55.94429363625246,-3.185718056789208,968.3406372070312,997.817626953125
55.94429363625246,-3.185718056789208,WNW,55.94440844128217,-3.1859952206489615,968.3406372070312,996.567626953125
55.94440844128217,-3.1859952206489615,W,55.94440844128217,-3.1862952206489616,968.3406372070312,995.317626953125
55.94440844128217,-3.1862952206489616,NNW,55.94468560514193,-3.186410025678671,968.3406372070312,994.067626953125
55.94468560514193,-3.186410025678671,NNE,55.944962769001684,-3.1862952206489616,968.3406372070312,992.817626953125
55.944962769001684,-3.1862952206489616,NNW,55.94523993286144,-3.186410025678671,968.3406372070312,991.567626953125
55.94523993286144,-3.186410025678671,SSE,55.944962769001684,-3.1862952206489616,968.3406372070312,990.317626953125
55.944962769001684,-3.1862952206489616,W,55.944962769001684,-3.186595220648962,968.3406372070312,989.067626953125
55.944962769001684,-3.186595220648962,SW,55.94475063696733,-3.1868073526833176,968.3406372070312,987.817626953125
55.94475063696733,-3.1868073526833176,SE,55.94453850493297,-3.186595220648962,968.3406372070312,986.567626953125
55.94453850493297,-3.186595220648962,SE,55.944326372898615,-3.186383088614606,968.3406372070312,985.317626953125
55.944326372898615,-3.186383088614606,SSE,55.94404920903886,-3.1862682835848966,968.3406372070312,984.067626953125
55.94404920903886,-3.1862682835848966,S,55.943749209038856,-3.1862682835848966,968.3406372070312,982.817626953125
55.943749209038856,-3.1862682835848966,NNE,55.94402637289861,-3.186153478555187,968.3406372070312,981.567626953125
55.94402637289861,-3.186153478555187,N,55.944326372898615,-3.186153478555187,968.3406372070312,980.317626953125
55.944326372898615,-3.186153478555187,W,55.944326372898615,-3.1864534785551872,968.3406372070312,979.067626953125
55.944326372898615,-3.1864534785551872,NW,55.94453850493297,-3.186665610589543,968.3406372070312,977.817626953125
55.94453850493297,-3.186665610589543,WNW,55.94465330996268,-3.1869427744492964,968.3406372070312,976.567626953125
55.94465330996268,-3.1869427744492964,NE,55.94486544199704,-3.1867306424149406,968.3406372070312,975.317626953125
55.94486544199704,-3.1867306424149406,SSE,55.94458827813728,-3.186615837385231,968.3406372070312,974.067626953125
55.94458827813728,-3.186615837385231,E,55.94458827813728,-3.186315837385231,968.3406372070312,972.817626953125
55.94458827813728,-3.186315837385231,WSW,55.94447347310757,-3.1865930012449843,968.3406372070312,971.567626953125
55.94447347310757,-3.1865930012449843,WSW,55.94435866807786,-3.1868701651047378,968.3406372070312,970.317626953125
55.94435866807786,-3.1868701651047378,NE,55.94457080011222,-3.186658033070382,968.3406372070312,969.067626953125
55.94457080011222,-3.186658033070382,S,55.944270800112214,-3.186658033070382,968.3406372070312,967.817626953125
55.944270800112214,-3.186658033070382,SSW,55.94399363625246,-3.1867728381000915,968.3406372070312,966.567626953125
55.94399363625246,-3.1867728381000915,NNE,55.944270800112214,-3.186658033070382,968.3406372070312,965.317626953125
55.944270800112214,-3.186658033070382,W,55.944270800112214,-3.186958033070382,968.3406372070312,964.067626953125
55.944270800112214,-3.186958033070382,N,55.94457080011222,-3.186958033070382,968.3406372070312,962.817626953125
55.94457080011222,-3.186958033070382,SE,55.94435866807786,-3.1867459010360264,968.3406372070312,961.567626953125
55.94435866807786,-3.1867459010360264,NNW,55.94463583193762,-3.186860706065736,968.3406372070312,960.317626953125
55.94463583193762,-3.186860706065736,NNE,55.944912995797374,-3.1867459010360264,968.3406372070312,959.067626953125
55.944912995797374,-3.1867459010360264,NNE,55.94519015965713,-3.186631096006317,968.3406372070312,957.817626953125
55.94519015965713,-3.186631096006317,NNW,55.94546732351689,-3.1867459010360264,968.3406372070312,956.567626953125
55.94546732351689,-3.1867459010360264,WSW,55.94535251848718,-3.18702306489578,968.3406372070312,955.317626953125
55.94535251848718,-3.18702306489578,E,55.94535251848718,-3.1867230648957796,968.3406372070312,954.067626953125
55.94535251848718,-3.1867230648957796,N,55.94565251848718,-3.1867230648957796,968.3406372070312,952.817626953125
55.94565251848718,-3.1867230648957796,SW,55.94544038645282,-3.1869351969301354,968.3406372070312,951.567626953125
