55.944425,-3.188396,NE,55.94463713203436,-3.1881838679656442,102.80046844482422,328.7321472167969
55.94463713203436,-3.1881838679656442,NNE,55.944914295894115,-3.1880690629359347,102.80046844482422,327.4821472167969
55.944914295894115,-3.1880690629359347,NNE,55.94519145975387,-3.187954257906225,102.80046844482422,326.2321472167969
55.94519145975387,-3.187954257906225,S,55.94489145975387,-3.187954257906225,102.80046844482422,324.9821472167969
55.94489145975387,-3.187954257906225,NNW,55.945168623613625,-3.1880690629359347,102.80046844482422,323.7321472167969
55.945168623613625,-3.1880690629359347,NNW,55.94544578747338,-3.1881838679656442,102.80046844482422,322.4821472167969
55.94544578747338,-3.1881838679656442,NNW,55.94572295133314,-3.1882986729953537,102.80046844482422,321.2321472167969
55.94572295133314,-3.1882986729953537,W,55.94572295133314,-3.188598672995354,102.80046844482422,319.9821472167969
55.94572295133314,-3.188598672995354,SE,55.94551081929878,-3.188386540960998,102.80046844482422,318.7321472167969
55.94551081929878,-3.188386540960998,NNE,55.94578798315854,-3.1882717359312887,102.80046844482422,317.4821472167969
55.94578798315854,-3.1882717359312887,N,55.94608798315854,-3.1882717359312887,187.6455535888672,403.3780822753906
55.94608798315854,-3.1882717359312887,ENE,55.94620278818825,-3.1879945720715352,187.6455535888672,402.1280822753906
55.94620278818825,-3.1879945720715352,SSW,55.945925624328495,-3.1881093771012448,187.6455535888672,400.8780822753906
55.945925624328495,-3.1881093771012448,WSW,55.945810819298785,-3.188386540960998,187.6455535888672,399.6280822753906
55.945810819298785,-3.188386540960998,NE,55.94602295133314,-3.1881744089266424,187.6455535888672,398.3780822753906
55.94602295133314,-3.1881744089266424,E,55.94602295133314,-3.187874408926642,187.6455535888672,397.1280822753906
55.94602295133314,-3.187874408926642,W,55.94602295133314,-3.1881744089266424,187.6455535888672,395.8780822753906
55.94602295133314,-3.1881744089266424,ENE,55.94613775636285,-3.187897245066889,187.6455535888672,394.6280822753906
55.94613775636285,-3.187897245066889,E,55.94613775636285,-3.187597245066889,187.6455535888672,393.3780822753906
55.94613775636285,-3.187597245066889,SE,55.945925624328495,-3.187385113032533,229.865234375,442.1783752441406
55.945925624328495,-3.187385113032533,S,55.94562562432849,-3.187385113032533,229.865234375,440.9283752441406
55.94562562432849,-3.187385113032533,N,55.945925624328495,-3.187385113032533,229.865234375,439.6783752441406
55.945925624328495,-3.187385113032533,ESE,55.945810819298785,-3.1871079491727796,229.865234375,438.4283752441406
55.945810819298785,-3.1871079491727796,S,55.94551081929878,-3.1871079491727796,229.865234375,437.1783752441406
55.94551081929878,-3.1871079491727796,NW,55.94572295133314,-3.1873200812071354,229.865234375,435.9283752441406
55.94572295133314,-3.1873200812071354,SE,55.94551081929878,-3.1871079491727796,229.865234375,434.6783752441406
55.94551081929878,-3.1871079491727796,WSW,55.94539601426907,-3.187385113032533,229.865234375,433.4283752441406
55.94539601426907,-3.187385113032533,S,55.94509601426907,-3.187385113032533,229.865234375,432.1783752441406
55.94509601426907,-3.187385113032533,NE,55.945308146303425,-3.1871729809981773,229.865234375,430.9283752441406
55.945308146303425,-3.1871729809981773,ENE,55.945422951333136,-3.186895817138424,229.865234375,429.6783752441406
55.945422951333136,-3.186895817138424,W,55.945422951333136,-3.187195817138424,229.865234375,428.4283752441406
55.945422951333136,-3.187195817138424,ENE,55.945537756362846,-3.1869186532786706,229.865234375,427.1783752441406
55.945537756362846,-3.1869186532786706,SE,55.94532562432849,-3.186706521244315,229.865234375,425.9283752441406
55.94532562432849,-3.186706521244315,ESE,55.94521081929878,-3.1864293573845615,229.865234375,424.6783752441406
55.94521081929878,-3.1864293573845615,NE,55.945422951333136,-3.1862172253502057,229.865234375,423.4283752441406
55.945422951333136,-3.1862172253502057,SSW,55.94514578747338,-3.186332030379915,229.865234375,422.1783752441406
55.94514578747338,-3.186332030379915,S,55.944845787473376,-3.186332030379915,229.865234375,420.9283752441406
55.944845787473376,-3.186332030379915,ESE,55.944730982443666,-3.186054866520162,247.08828735351562,503.165771484375
55.944730982443666,-3.186054866520162,N,55.94503098244367,-3.186054866520162,247.08828735351562,501.915771484375
55.94503098244367,-3.186054866520162,E,55.94503098244367,-3.1857548665201616,247.08828735351562,500.665771484375
55.94503098244367,-3.1857548665201616,SSE,55.94475381858391,-3.185640061490452,247.08828735351562,499.415771484375
55.94475381858391,-3.185640061490452,SSE,55.944476654724156,-3.1855252564607426,247.08828735351562,498.165771484375
55.944476654724156,-3.1855252564607426,SSW,55.9441994908644,-3.185640061490452,247.08828735351562,496.915771484375
55.9441994908644,-3.185640061490452,ESE,55.94408468583469,-3.1853628976306987,366.85833740234375,610.239501953125
55.94408468583469,-3.1853628976306987,NE,55.944296817869045,-3.185150765596343,375.75732421875,631.4238891601562
55.944296817869045,-3.185150765596343,ENE,55.944411622898755,-3.1848736017365895,442.177490234375,706.13427734375
55.944411622898755,-3.1848736017365895,S,55.94411162289875,-3.1848736017365895,474.13409423828125,719.3710327148438
55.94411162289875,-3.1848736017365895,SE,55.943899490864396,-3.1846614697022337,513.8592529296875,840.3516235351562
55.943899490864396,-3.1846614697022337,SSW,55.94362232700464,-3.1847762747319432,513.8592529296875,839.1016235351562
55.94362232700464,-3.1847762747319432,WSW,55.94350752197493,-3.1850534385916967,513.8592529296875,837.8516235351562
55.94350752197493,-3.1850534385916967,WSW,55.94339271694522,-3.18533060245145,513.8592529296875,836.6016235351562
55.94339271694522,-3.18533060245145,W,55.94339271694522,-3.1856306024514502,513.8592529296875,835.3516235351562
55.94339271694522,-3.1856306024514502,SSE,55.94311555308546,-3.1855157974217407,513.8592529296875,834.1016235351562
55.94311555308546,-3.1855157974217407,SE,55.942903421051106,-3.185303665387385,619.78173828125,941.3883666992188
55.942903421051106,-3.185303665387385,SSW,55.94262625719135,-3.1854184704170945,650.8865966796875,951.8239135742188
55.94262625719135,-3.1854184704170945,NE,55.942838389225706,-3.1852063383827387,650.8865966796875,950.5739135742188
55.942838389225706,-3.1852063383827387,N,55.94313838922571,-3.1852063383827387,650.8865966796875,949.3239135742188
55.94313838922571,-3.1852063383827387,S,55.942838389225706,-3.1852063383827387,650.8865966796875,948.0739135742188
55.942838389225706,-3.1852063383827387,E,55.942838389225706,-3.1849063383827385,650.8865966796875,946.8239135742188
55.942838389225706,-3.1849063383827385,NW,55.94305052126006,-3.1851184704170943,650.8865966796875,945.5739135742188
55.94305052126006,-3.1851184704170943,N,55.943350521260065,-3.1851184704170943,650.8865966796875,944.3239135742188
55.943350521260065,-3.1851184704170943,ESE,55.943235716230355,-3.184841306557341,650.8865966796875,943.0739135742188
55.943235716230355,-3.184841306557341,WNW,55.943350521260065,-3.1851184704170943,650.8865966796875,941.8239135742188
55.943350521260065,-3.1851184704170943,SSW,55.94307335740031,-3.185233275446804,650.8865966796875,940.5739135742188
55.94307335740031,-3.185233275446804,SE,55.94286122536595,-3.185021143412448,650.8865966796875,939.3239135742188
55.94286122536595,-3.185021143412448,E,55.94286122536595,-3.184721143412448,650.8865966796875,938.0739135742188
55.94286122536595,-3.184721143412448,ENE,55.94297603039566,-3.1844439795526944,650.8865966796875,936.8239135742188
55.94297603039566,-3.1844439795526944,W,55.94297603039566,-3.1847439795526946,650.8865966796875,935.5739135742188
55.94297603039566,-3.1847439795526946,NE,55.94318816243002,-3.184531847518339,650.8865966796875,934.3239135742188
55.94318816243002,-3.184531847518339,NW,55.943400294464375,-3.1847439795526946,650.8865966796875,933.0739135742188
55.943400294464375,-3.1847439795526946,SE,55.94318816243002,-3.184531847518339,650.8865966796875,931.8239135742188
55.94318816243002,-3.184531847518339,WSW,55.94307335740031,-3.1848090113780922,650.8865966796875,930.5739135742188
55.94307335740031,-3.1848090113780922,NNE,55.943350521260065,-3.1846942063483827,650.8865966796875,929.3239135742188
55.943350521260065,-3.1846942063483827,S,55.94305052126006,-3.1846942063483827,650.8865966796875,928.0739135742188
55.94305052126006,-3.1846942063483827,NE,55.94326265329442,-3.184482074314027,650.8865966796875,926.8239135742188
55.94326265329442,-3.184482074314027,N,55.94356265329442,-3.184482074314027,650.8865966796875,925.5739135742188
55.94356265329442,-3.184482074314027,N,55.943862653294424,-3.184482074314027,650.8865966796875,924.3239135742188
55.943862653294424,-3.184482074314027,SSE,55.94358548943467,-3.1843672692843175,650.8865966796875,923.0739135742188
55.94358548943467,-3.1843672692843175,W,55.94358548943467,-3.1846672692843176,650.8865966796875,921.8239135742188
55.94358548943467,-3.1846672692843176,ENE,55.94370029446438,-3.1843901054245642,650.8865966796875,920.5739135742188
55.94370029446438,-3.1843901054245642,WNW,55.94381509949409,-3.1846672692843176,650.8865966796875,919.3239135742188
55.94381509949409,-3.1846672692843176,SSW,55.94353793563433,-3.184782074314027,650.8865966796875,918.0739135742188
55.94353793563433,-3.184782074314027,W,55.94353793563433,-3.1850820743140273,650.8865966796875,916.8239135742188
55.94353793563433,-3.1850820743140273,WNW,55.94365274066404,-3.1853592381737807,650.8865966796875,915.5739135742188
55.94365274066404,-3.1853592381737807,S,55.94335274066404,-3.1853592381737807,650.8865966796875,914.3239135742188
55.94335274066404,-3.1853592381737807,SW,55.94314060862968,-3.1855713702081365,650.8865966796875,913.0739135742188
55.94314060862968,-3.1855713702081365,NNW,55.94341777248944,-3.185686175237846,650.8865966796875,911.8239135742188
55.94341777248944,-3.185686175237846,NNW,55.943694936349196,-3.1858009802675555,650.8865966796875,910.5739135742188
55.943694936349196,-3.1858009802675555,NNE,55.94397210020895,-3.185686175237846,650.8865966796875,909.3239135742188
55.94397210020895,-3.185686175237846,W,55.94397210020895,-3.185986175237846,650.8865966796875,908.0739135742188
55.94397210020895,-3.185986175237846,N,55.944272100208956,-3.185986175237846,650.8865966796875,906.8239135742188
55.944272100208956,-3.185986175237846,S,55.94397210020895,-3.185986175237846,650.8865966796875,905.5739135742188
55.94397210020895,-3.185986175237846,NNW,55.94424926406871,-3.1861009802675557,650.8865966796875,904.3239135742188
55.94424926406871,-3.1861009802675557,NNE,55.944526427928466,-3.185986175237846,650.8865966796875,903.0739135742188
55.944526427928466,-3.185986175237846,SE,55.94431429589411,-3.1857740432034904,650.8865966796875,901.8239135742188
55.94431429589411,-3.1857740432034904,E,55.94431429589411,-3.1854740432034903,650.8865966796875,900.5739135742188
55.94431429589411,-3.1854740432034903,NNE,55.944591459753866,-3.1853592381737807,650.8865966796875,899.3239135742188
55.944591459753866,-3.1853592381737807,ESE,55.944476654724156,-3.1850820743140273,650.8865966796875,898.0739135742188
55.944476654724156,-3.1850820743140273,NE,55.94468878675851,-3.1848699422796716,657.279541015625,958.6207275390625
55.94468878675851,-3.1848699422796716,WSW,55.9445739817288,-3.185147106139425,657.279541015625,957.3707275390625
55.9445739817288,-3.185147106139425,SSE,55.944296817869045,-3.1850323011097155,657.279541015625,956.1207275390625
55.944296817869045,-3.1850323011097155,E,55.944296817869045,-3.1847323011097153,657.279541015625,954.8707275390625
55.944296817869045,-3.1847323011097153,NE,55.9445089499034,-3.1845201690753595,657.279541015625,953.6207275390625
55.9445089499034,-3.1845201690753595,N,55.944808949903404,-3.1845201690753595,707.7401123046875,1070.6949462890625
55.944808949903404,-3.1845201690753595,WSW,55.944694144873694,-3.184797332935113,707.7401123046875,1069.4449462890625
55.944694144873694,-3.184797332935113,SE,55.94448201283934,-3.184585200900757,707.7401123046875,1068.1949462890625
55.94448201283934,-3.184585200900757,W,55.94448201283934,-3.1848852009007573,707.7401123046875,1066.9449462890625
55.94448201283934,-3.1848852009007573,SE,55.94426988080498,-3.1846730688664016,707.7401123046875,1065.6949462890625
55.94426988080498,-3.1846730688664016,NNW,55.94454704466474,-3.184787873896111,707.7401123046875,1064.4449462890625
55.94454704466474,-3.184787873896111,SSE,55.94426988080498,-3.1846730688664016,707.7401123046875,1063.1949462890625
55.94426988080498,-3.1846730688664016,SSW,55.943992716945225,-3.184787873896111,707.7401123046875,1061.9449462890625
55.943992716945225,-3.184787873896111,WNW,55.944107521974935,-3.1850650377558645,707.7401123046875,1060.6949462890625
55.944107521974935,-3.1850650377558645,WSW,55.943992716945225,-3.185342201615618,707.7401123046875,1059.4449462890625
55.943992716945225,-3.185342201615618,SSE,55.94371555308547,-3.1852273965859084,707.7401123046875,1058.1949462890625
55.94371555308547,-3.1852273965859084,NNE,55.943992716945225,-3.185112591556199,707.7401123046875,1056.9449462890625
55.943992716945225,-3.185112591556199,WNW,55.944107521974935,-3.1853897554159523,707.7401123046875,1055.6949462890625
55.944107521974935,-3.1853897554159523,SW,55.94389538994058,-3.185601887450308,707.7401123046875,1054.4449462890625
55.94389538994058,-3.185601887450308,E,55.94389538994058,-3.185301887450308,707.7401123046875,1053.1949462890625
55.94389538994058,-3.185301887450308,ENE,55.94401019497029,-3.1850247235905544,707.7401123046875,1051.9449462890625
55.94401019497029,-3.1850247235905544,N,55.94431019497029,-3.1850247235905544,707.7401123046875,1050.6949462890625
55.94431019497029,-3.1850247235905544,SSE,55.944033031110536,-3.184909918560845,707.7401123046875,1049.4449462890625
55.944033031110536,-3.184909918560845,N,55.94433303111054,-3.184909918560845,707.7401123046875,1048.1949462890625
55.94433303111054,-3.184909918560845,SSW,55.94405586725078,-3.1850247235905544,707.7401123046875,1046.9449462890625
55.94405586725078,-3.1850247235905544,NNW,55.94433303111054,-3.185139528620264,707.7401123046875,1045.6949462890625
55.94433303111054,-3.185139528620264,ESE,55.94421822608083,-3.1848623647605105,707.7401123046875,1044.4449462890625
55.94421822608083,-3.1848623647605105,WSW,55.94410342105112,-3.185139528620264,707.7401123046875,1043.1949462890625
55.94410342105112,-3.185139528620264,NW,55.944315553085474,-3.1853516606546197,707.7401123046875,1041.9449462890625
55.944315553085474,-3.1853516606546197,ENE,55.944430358115184,-3.1850744967948663,707.7401123046875,1040.6949462890625
55.944430358115184,-3.1850744967948663,ESE,55.944315553085474,-3.184797332935113,707.7401123046875,1039.4449462890625
55.944315553085474,-3.184797332935113,NW,55.94452768511983,-3.1850094649694687,707.7401123046875,1038.1949462890625
55.94452768511983,-3.1850094649694687,NNW,55.94480484897959,-3.185124269999178,707.7401123046875,1036.9449462890625
55.94480484897959,-3.185124269999178,SSE,55.94452768511983,-3.1850094649694687,707.7401123046875,1035.6949462890625
55.94452768511983,-3.1850094649694687,NW,55.944739817154186,-3.1852215970038245,707.7401123046875,1034.4449462890625
55.944739817154186,-3.1852215970038245,W,55.944739817154186,-3.1855215970038246,707.7401123046875,1033.1949462890625
55.944739817154186,-3.1855215970038246,SSW,55.94446265329443,-3.185636402033534,707.7401123046875,1031.9449462890625
55.94446265329443,-3.185636402033534,WSW,55.94434784826472,-3.1859135658932876,707.7401123046875,1030.6949462890625
55.94434784826472,-3.1859135658932876,E,55.94434784826472,-3.1856135658932874,707.7401123046875,1029.4449462890625
55.94434784826472,-3.1856135658932874,N,55.94464784826472,-3.1856135658932874,707.7401123046875,1028.1949462890625
55.94464784826472,-3.1856135658932874,NW,55.94485998029908,-3.185825697927643,707.7401123046875,1026.9449462890625
55.94485998029908,-3.185825697927643,NW,55.945072112333435,-3.186037829961999,707.7401123046875,1025.6949462890625
55.945072112333435,-3.186037829961999,SSW,55.94479494847368,-3.1861526349917084,707.7401123046875,1024.4449462890625
55.94479494847368,-3.1861526349917084,SSE,55.94451778461392,-3.186037829961999,707.7401123046875,1023.1949462890625
55.94451778461392,-3.186037829961999,S,55.94421778461392,-3.186037829961999,707.7401123046875,1021.9449462890625
55.94421778461392,-3.186037829961999,NNE,55.944494948473675,-3.1859230249322894,707.7401123046875,1020.6949462890625
55.944494948473675,-3.1859230249322894,SSW,55.94421778461392,-3.186037829961999,707.7401123046875,1019.4449462890625
55.94421778461392,-3.186037829961999,NNW,55.944494948473675,-3.1861526349917084,707.7401123046875,1018.1949462890625
55.944494948473675,-3.1861526349917084,ESE,55.944380143443965,-3.185875471131955,707.7401123046875,1016.9449462890625
55.944380143443965,-3.185875471131955,SSE,55.94410297958421,-3.1857606661022455,707.7401123046875,1015.6949462890625
55.94410297958421,-3.1857606661022455,SSE,55.94382581572445,-3.185645861072536,707.7401123046875,1014.4449462890625
55.94382581572445,-3.185645861072536,SSW,55.943548651864695,-3.1857606661022455,707.7401123046875,1013.1949462890625
55.943548651864695,-3.1857606661022455,WSW,55.943433846834985,-3.186037829961999,707.7401123046875,1011.9449462890625
55.943433846834985,-3.186037829961999,S,55.94313384683498,-3.186037829961999,707.7401123046875,1010.6949462890625
55.94313384683498,-3.186037829961999,NE,55.94334597886934,-3.185825697927643,707.7401123046875,1009.4449462890625
55.94334597886934,-3.185825697927643,SE,55.94313384683498,-3.1856135658932874,707.7401123046875,1008.1949462890625
55.94313384683498,-3.1856135658932874,NNE,55.94341101069474,-3.185498760863578,707.7401123046875,1006.9449462890625
55.94341101069474,-3.185498760863578,W,55.94341101069474,-3.185798760863578,707.7401123046875,1005.6949462890625
55.94341101069474,-3.185798760863578,NNW,55.943688174554495,-3.1859135658932876,707.7401123046875,1004.4449462890625
55.943688174554495,-3.1859135658932876,E,55.943688174554495,-3.1856135658932874,707.7401123046875,1003.1949462890625
55.943688174554495,-3.1856135658932874,ESE,55.943573369524785,-3.185336402033534,707.7401123046875,1001.9449462890625
55.943573369524785,-3.185336402033534,NW,55.94378550155914,-3.1855485340678897,707.7401123046875,1000.6949462890625
55.94378550155914,-3.1855485340678897,SSW,55.943508337699384,-3.1856633390975992,707.7401123046875,999.4449462890625
55.943508337699384,-3.1856633390975992,W,55.943508337699384,-3.1859633390975994,707.7401123046875,998.1949462890625
55.943508337699384,-3.1859633390975994,NE,55.94372046973374,-3.1857512070632437,707.7401123046875,996.9449462890625
55.94372046973374,-3.1857512070632437,ESE,55.94360566470403,-3.1854740432034903,707.7401123046875,995.6949462890625
55.94360566470403,-3.1854740432034903,NNE,55.94388282856379,-3.1853592381737807,707.7401123046875,994.4449462890625
55.94388282856379,-3.1853592381737807,WNW,55.9439976335935,-3.185636402033534,707.7401123046875,993.1949462890625
55.9439976335935,-3.185636402033534,S,55.943697633593494,-3.185636402033534,707.7401123046875,991.9449462890625
55.943697633593494,-3.185636402033534,ESE,55.943582828563784,-3.1853592381737807,707.7401123046875,990.6949462890625
55.943582828563784,-3.1853592381737807,NNE,55.94385999242354,-3.1852444331440712,707.7401123046875,989.4449462890625
55.94385999242354,-3.1852444331440712,SSE,55.943582828563784,-3.1851296281143617,707.7401123046875,988.1949462890625
55.943582828563784,-3.1851296281143617,NW,55.94379496059814,-3.1853417601487175,707.7401123046875,986.9449462890625
55.94379496059814,-3.1853417601487175,NNE,55.9440721244579,-3.185226955119008,707.7401123046875,985.6949462890625
55.9440721244579,-3.185226955119008,NNE,55.94434928831765,-3.1851121500892985,707.7401123046875,984.4449462890625
55.94434928831765,-3.1851121500892985,WSW,55.94423448328794,-3.185389313949052,707.7401123046875,983.1949462890625
55.94423448328794,-3.185389313949052,SSW,55.943957319428186,-3.1855041189787614,707.7401123046875,981.9449462890625
55.943957319428186,-3.1855041189787614,SSE,55.94368015556843,-3.185389313949052,707.7401123046875,980.6949462890625
55.94368015556843,-3.185389313949052,SSW,55.94340299170867,-3.1855041189787614,707.7401123046875,979.4449462890625
55.94340299170867,-3.1855041189787614,S,55.94310299170867,-3.1855041189787614,707.7401123046875,978.1949462890625
55.94310299170867,-3.1855041189787614,WNW,55.94321779673838,-3.185781282838515,707.7401123046875,976.9449462890625
55.94321779673838,-3.185781282838515,NW,55.94342992877274,-3.1859934148728706,707.7401123046875,975.6949462890625
55.94342992877274,-3.1859934148728706,NE,55.94364206080709,-3.185781282838515,707.7401123046875,974.4449462890625
55.94364206080709,-3.185781282838515,N,55.943942060807096,-3.185781282838515,707.7401123046875,973.1949462890625
55.943942060807096,-3.185781282838515,N,55.9442420608071,-3.185781282838515,707.7401123046875,971.9449462890625
55.9442420608071,-3.185781282838515,N,55.9445420608071,-3.185781282838515,707.7401123046875,970.6949462890625
55.9445420608071,-3.185781282838515,SSE,55.944264896947345,-3.1856664778088053,707.7401123046875,969.4449462890625
55.944264896947345,-3.1856664778088053,N,55.94456489694735,-3.1856664778088053,707.7401123046875,968.1949462890625
55.94456489694735,-3.1856664778088053,WNW,55.94467970197706,-3.1859436416685587,707.7401123046875,966.9449462890625
55.94467970197706,-3.1859436416685587,WSW,55.94456489694735,-3.186220805528312,707.7401123046875,965.6949462890625
55.94456489694735,-3.186220805528312,WNW,55.94467970197706,-3.1864979693880655,707.7401123046875,964.4449462890625
55.94467970197706,-3.1864979693880655,WSW,55.94456489694735,-3.186775133247819,707.7401123046875,963.1949462890625
55.94456489694735,-3.186775133247819,SW,55.94435276491299,-3.1869872652821747,707.7401123046875,961.9449462890625
55.94435276491299,-3.1869872652821747,NW,55.94456489694735,-3.1871993973165305,707.7401123046875,960.6949462890625
55.94456489694735,-3.1871993973165305,NW,55.944777028981704,-3.1874115293508862,707.7401123046875,959.4449462890625
55.944777028981704,-3.1874115293508862,WSW,55.944662223951994,-3.1876886932106396,707.7401123046875,958.1949462890625
55.944662223951994,-3.1876886932106396,SE,55.94445009191764,-3.187476561176284,707.7401123046875,956.9449462890625
55.94445009191764,-3.187476561176284,NE,55.944662223951994,-3.187264429141928,707.7401123046875,955.6949462890625
55.944662223951994,-3.187264429141928,SSE,55.94438506009224,-3.1871496241122186,707.7401123046875,954.4449462890625
55.94438506009224,-3.1871496241122186,W,55.94438506009224,-3.1874496241122188,707.7401123046875,953.1949462890625
55.94438506009224,-3.1874496241122188,SSW,55.94410789623248,-3.1875644291419283,707.7401123046875,951.9449462890625
55.94410789623248,-3.1875644291419283,NNW,55.94438506009224,-3.187679234171638,707.7401123046875,950.6949462890625
55.94438506009224,-3.187679234171638,N,55.94468506009224,-3.187679234171638,707.7401123046875,949.4449462890625
55.94468506009224,-3.187679234171638,SE,55.944472928057884,-3.187467102137282,707.7401123046875,948.1949462890625
55.944472928057884,-3.187467102137282,ENE,55.944587733087594,-3.1871899382775286,707.7401123046875,946.9449462890625
55.944587733087594,-3.1871899382775286,NNE,55.94486489694735,-3.187075133247819,707.7401123046875,945.6949462890625
55.94486489694735,-3.187075133247819,ENE,55.94497970197706,-3.1867979693880657,707.7401123046875,944.4449462890625
55.94497970197706,-3.1867979693880657,E,55.94497970197706,-3.1864979693880655,707.7401123046875,943.1949462890625
55.94497970197706,-3.1864979693880655,WNW,55.94509450700677,-3.186775133247819,707.7401123046875,941.9449462890625
55.94509450700677,-3.186775133247819,ENE,55.94520931203648,-3.1864979693880655,707.7401123046875,940.6949462890625
55.94520931203648,-3.1864979693880655,NNE,55.94548647589624,-3.186383164358356,707.7401123046875,939.4449462890625
55.94548647589624,-3.186383164358356,S,55.945186475896236,-3.186383164358356,707.7401123046875,938.1949462890625
55.945186475896236,-3.186383164358356,SW,55.94497434386188,-3.1865952963927118,707.7401123046875,936.9449462890625
55.94497434386188,-3.1865952963927118,NE,55.945186475896236,-3.186383164358356,707.7401123046875,935.6949462890625
55.945186475896236,-3.186383164358356,WNW,55.945301280925946,-3.1866603282181094,707.7401123046875,934.4449462890625
55.945301280925946,-3.1866603282181094,W,55.945301280925946,-3.1869603282181096,707.7401123046875,933.1949462890625
55.945301280925946,-3.1869603282181096,NNW,55.9455784447857,-3.187075133247819,707.7401123046875,931.9449462890625
55.9455784447857,-3.187075133247819,NNE,55.94585560864546,-3.1869603282181096,707.7401123046875,930.6949462890625
55.94585560864546,-3.1869603282181096,NNE,55.946132772505216,-3.1868455231884,721.6544799804688,931.178955078125
55.946132772505216,-3.1868455231884,WSW,55.946017967475505,-3.1871226870481535,721.6544799804688,929.928955078125
55.946017967475505,-3.1871226870481535,ENE,55.946132772505216,-3.1868455231884,721.6544799804688,928.678955078125
55.946132772505216,-3.1868455231884,SW,55.94592064047086,-3.187057655222756,721.6544799804688,927.428955078125
55.94592064047086,-3.187057655222756,SW,55.9457085084365,-3.1872697872571116,721.6544799804688,926.178955078125
55.9457085084365,-3.1872697872571116,SE,55.94549637640215,-3.187057655222756,721.6544799804688,924.928955078125
55.94549637640215,-3.187057655222756,SE,55.94528424436779,-3.1868455231884,721.6544799804688,923.678955078125
55.94528424436779,-3.1868455231884,SSE,55.945007080508034,-3.1867307181586906,721.6544799804688,922.428955078125
55.945007080508034,-3.1867307181586906,S,55.94470708050803,-3.1867307181586906,721.6544799804688,921.178955078125
55.94470708050803,-3.1867307181586906,NNE,55.94498424436779,-3.186615913128981,721.6544799804688,919.928955078125
55.94498424436779,-3.186615913128981,N,55.94528424436779,-3.186615913128981,721.6544799804688,918.678955078125
55.94528424436779,-3.186615913128981,W,55.94528424436779,-3.1869159131289813,721.6544799804688,917.428955078125
55.94528424436779,-3.1869159131289813,NW,55.94549637640215,-3.187128045163337,721.6544799804688,916.178955078125
55.94549637640215,-3.187128045163337,WNW,55.94561118143186,-3.1874052090230904,721.6544799804688,914.928955078125
55.94561118143186,-3.1874052090230904,NE,55.945823313466214,-3.1871930769887347,721.6544799804688,913.678955078125
55.945823313466214,-3.1871930769887347,SSE,55.94554614960646,-3.187078271959025,721.6544799804688,912.428955078125
55.94554614960646,-3.187078271959025,E,55.94554614960646,-3.186778271959025,721.6544799804688,911.178955078125
55.94554614960646,-3.186778271959025,WSW,55.94543134457675,-3.1870554358187784,721.6544799804688,909.928955078125
55.94543134457675,-3.1870554358187784,WSW,55.945316539547036,-3.1873325996785318,721.6544799804688,908.678955078125
55.945316539547036,-3.1873325996785318,ENE,55.94543134457675,-3.1870554358187784,721.6544799804688,907.428955078125
55.94543134457675,-3.1870554358187784,S,55.945131344576744,-3.1870554358187784,721.6544799804688,906.178955078125
55.945131344576744,-3.1870554358187784,SSW,55.94485418071699,-3.187170240848488,721.6544799804688,904.928955078125
55.94485418071699,-3.187170240848488,NE,55.945066312751344,-3.186958108814132,721.6544799804688,903.678955078125
55.945066312751344,-3.186958108814132,W,55.945066312751344,-3.1872581088141323,721.6544799804688,902.428955078125
55.945066312751344,-3.1872581088141323,SSE,55.94478914889159,-3.187143303784423,721.6544799804688,901.178955078125
55.94478914889159,-3.187143303784423,SE,55.94457701685723,-3.186931171750067,721.6544799804688,899.928955078125
55.94457701685723,-3.186931171750067,NNW,55.94485418071699,-3.1870459767797765,721.6544799804688,898.678955078125
55.94485418071699,-3.1870459767797765,NNE,55.945131344576744,-3.186931171750067,721.6544799804688,897.428955078125
55.945131344576744,-3.186931171750067,NNE,55.9454085084365,-3.1868163667203575,721.6544799804688,896.178955078125
55.9454085084365,-3.1868163667203575,NNW,55.94568567229626,-3.186931171750067,721.6544799804688,894.928955078125
55.94568567229626,-3.186931171750067,W,55.94568567229626,-3.187231171750067,721.6544799804688,893.678955078125
55.94568567229626,-3.187231171750067,WSW,55.94557086726655,-3.1875083356098206,721.6544799804688,892.428955078125
55.94557086726655,-3.1875083356098206,NE,55.9457829993009,-3.187296203575465,721.6544799804688,891.178955078125
55.9457829993009,-3.187296203575465,SW,55.94557086726655,-3.1875083356098206,721.6544799804688,889.928955078125
